,date,y_proba,y_true
67696,2012-03-02,0.39357254,0
67697,2012-03-02,0.25086886,1
67698,2012-03-02,0.34059957,1
67699,2012-03-02,0.08163674,1
67700,2012-03-02,0.33169374,1
67701,2012-03-02,0.5453416,0
67702,2012-03-02,0.24150495,1
67703,2012-03-02,0.08234358,0
67704,2012-03-02,0.58114773,0
67705,2012-03-02,0.44194764,0
67706,2012-03-02,0.350844,0
67707,2012-03-02,0.6675255,0
67708,2012-03-02,0.3273098,0
67709,2012-03-02,0.7676603,1
67710,2012-03-02,0.62096244,0
67711,2012-03-02,0.30773598,0
67712,2012-03-02,0.19576788,0
67713,2012-03-02,0.1693438,1
67714,2012-03-02,0.21865903,0
67715,2012-03-02,0.83060193,1
67716,2012-03-02,0.25244862,0
67717,2012-03-02,0.43392956,1
67718,2012-03-02,0.35132536,0
67719,2012-03-02,0.43825167,1
67720,2012-03-02,0.14713737,0
67721,2012-03-02,0.115320414,0
67722,2012-03-02,0.45895627,1
67723,2012-03-02,0.3091491,0
67724,2012-03-02,0.428993,0
67725,2012-03-02,0.67371243,1
67726,2012-03-02,0.039349236,0
67727,2012-03-02,0.06905752,0
67728,2012-03-02,0.5822605,0
67729,2012-03-02,0.23590387,0
67730,2012-03-02,0.66130745,0
67731,2012-03-02,0.5069982,0
67732,2012-03-02,0.074083,1
67733,2012-03-02,0.5396729,1
67734,2012-03-02,0.1205977,0
67735,2012-03-02,0.243548,0
67736,2012-03-02,0.24862944,0
67737,2012-03-02,0.110483356,0
67738,2012-03-02,0.21904123,0
67739,2012-03-02,0.44071138,1
67740,2012-03-02,0.1272676,0
67741,2012-03-02,0.16291894,0
67742,2012-03-02,0.20705374,0
67743,2012-03-02,0.458537,0
67744,2012-03-02,0.15602747,1
67745,2012-03-02,0.4228596,1
67746,2012-03-02,0.0852443,0
67747,2012-03-02,0.10236064,0
67748,2012-03-02,0.71494037,1
67749,2012-03-02,0.4677455,0
67750,2012-03-02,0.1648239,1
67751,2012-03-02,0.18049733,1
67752,2012-03-02,0.16695288,1
67753,2012-03-02,0.042884167,0
67754,2012-03-02,0.6062105,1
67755,2012-03-02,0.07278632,0
67756,2012-03-02,0.2737223,0
67757,2012-03-02,0.14968202,0
67758,2012-03-02,0.034119822,0
67759,2012-03-02,0.3616867,0
67760,2012-03-02,0.42861873,0
67761,2012-03-02,0.18729644,0
67762,2012-03-02,0.12407683,0
67763,2012-03-02,0.1953793,1
67764,2012-03-02,0.13773668,0
67765,2012-03-02,0.05651065,0
67766,2012-03-02,0.6785261,0
67767,2012-03-02,0.607884,0
67768,2012-03-02,0.16893417,0
67769,2012-03-02,0.20550647,1
67770,2012-03-02,0.3314693,0
67771,2012-03-02,0.42129058,1
67772,2012-03-02,0.3023015,0
67773,2012-03-02,0.12002018,0
67774,2012-03-02,0.0903979,0
67775,2012-03-02,0.2733498,0
67776,2012-03-02,0.70684993,1
67777,2012-03-02,0.3752428,0
67778,2012-03-02,0.47219124,0
67779,2012-03-02,0.35416943,1
67780,2012-03-02,0.10927655,0
67781,2012-03-02,0.7286807,1
67782,2012-03-02,0.19297515,0
67783,2012-03-02,0.16451645,1
67784,2012-03-02,0.1388968,0
67785,2012-03-02,0.27388218,0
67786,2012-03-02,0.07841055,0
67787,2012-03-02,0.09583459,0
67788,2012-03-02,0.26242155,0
67789,2012-03-03,0.5239547,0
67790,2012-03-03,0.22268112,0
67791,2012-03-03,0.3686286,1
67792,2012-03-03,0.082200006,0
67793,2012-03-03,0.2669569,1
67794,2012-03-03,0.10492383,1
67795,2012-03-03,0.3145355,0
67796,2012-03-03,0.049413778,0
67797,2012-03-03,0.19116479,1
67798,2012-03-03,0.13234156,0
67799,2012-03-03,0.17458336,0
67800,2012-03-03,0.34315607,0
67801,2012-03-03,0.37294245,0
67802,2012-03-03,0.07207835,0
67803,2012-03-03,0.17208642,0
67804,2012-03-03,0.016309485,0
67805,2012-03-03,0.161865,0
67806,2012-03-03,0.11760104,0
67807,2012-03-03,0.047475465,0
67808,2012-03-03,0.34195942,0
67809,2012-03-03,0.46142283,0
67810,2012-03-03,0.4551435,0
67811,2012-03-03,0.1667514,0
67812,2012-03-03,0.1229688,0
67813,2012-03-03,0.24896474,0
67814,2012-03-03,0.1737403,0
67815,2012-03-03,0.3506283,0
67816,2012-03-03,0.18911737,0
67817,2012-03-03,0.045105103,0
67818,2012-03-03,0.057673145,0
67819,2012-03-03,0.2763708,0
67820,2012-03-03,0.28661057,0
67821,2012-03-03,0.5193055,0
67822,2012-03-03,0.5715793,1
67823,2012-03-03,0.12577614,0
67824,2012-03-03,0.24149294,0
67825,2012-03-03,0.42904127,1
67826,2012-03-03,0.38851213,0
67827,2012-03-03,0.0517339,0
67828,2012-03-03,0.6679741,1
67829,2012-03-03,0.69911534,1
67830,2012-03-03,0.66106987,1
67831,2012-03-03,0.47438625,0
67832,2012-03-03,0.10952241,0
67833,2012-03-03,0.18536685,0
67834,2012-03-03,0.64492106,0
67835,2012-03-03,0.08960028,0
67836,2012-03-03,0.1475991,0
67837,2012-03-03,0.08411119,0
67838,2012-03-03,0.36191905,0
67839,2012-03-03,0.117531516,0
67840,2012-03-03,0.5724354,0
67841,2012-03-03,0.118971415,0
67842,2012-03-03,0.3728723,1
67843,2012-03-03,0.69157517,1
67844,2012-03-03,0.5220342,0
67845,2012-03-03,0.59766847,0
67846,2012-03-03,0.2828997,0
67847,2012-03-03,0.045554418,1
67848,2012-03-03,0.15731412,1
67849,2012-03-03,0.36417854,0
67850,2012-03-03,0.2935647,0
67851,2012-03-03,0.25221223,1
67852,2012-03-03,0.19495086,0
67853,2012-03-03,0.052121393,0
67854,2012-03-03,0.0822269,0
67855,2012-03-03,0.46079955,1
67856,2012-03-03,0.33876404,0
67857,2012-03-03,0.644479,0
67858,2012-03-03,0.10387484,0
67859,2012-03-03,0.12552343,0
67860,2012-03-03,0.5864513,1
67861,2012-03-03,0.20263387,0
67862,2012-03-03,0.3653556,0
67863,2012-03-03,0.35679662,1
67864,2012-03-03,0.25504223,0
67865,2012-03-03,0.73430276,1
67866,2012-03-03,0.6081043,0
67867,2012-03-03,0.29888493,0
67868,2012-03-03,0.2509067,0
67869,2012-03-03,0.16628912,0
67870,2012-03-03,0.072643995,0
67871,2012-03-03,0.41987878,1
67872,2012-03-03,0.42534378,0
67873,2012-03-03,0.09890461,0
67874,2012-03-03,0.036497522,0
67875,2012-03-03,0.27706155,0
67876,2012-03-03,0.6872693,0
67877,2012-03-03,0.59155864,1
67878,2012-03-03,0.49295986,1
67879,2012-03-03,0.46820438,1
67880,2012-03-03,0.3450442,1
67881,2012-03-03,0.3260007,0
67882,2012-03-03,0.50271994,0
67883,2012-03-03,0.14946863,0
67884,2012-03-03,0.51682633,0
67885,2012-03-03,0.5991845,0
67886,2012-03-03,0.44926485,1
67887,2012-03-03,0.11611821,0
67888,2012-03-03,0.22760762,0
67889,2012-03-03,0.10992271,0
67890,2012-03-03,0.15589827,1
67891,2012-03-03,0.2716918,1
67892,2012-03-03,0.65744925,0
67893,2012-03-03,0.18184547,0
67894,2012-03-03,0.06497558,0
67895,2012-03-03,0.57320863,1
67896,2012-03-03,0.13605662,0
67897,2012-03-03,0.9311701,1
67898,2012-03-03,0.09318491,0
67899,2012-03-03,0.10475264,1
67900,2012-03-03,0.65149164,0
67901,2012-03-03,0.3018881,0
67902,2012-03-03,0.27172357,1
67903,2012-03-03,0.14763355,0
67904,2012-03-03,0.17843518,1
67905,2012-03-03,0.030260239,1
67906,2012-03-03,0.30526173,1
67907,2012-03-03,0.34429607,0
67908,2012-03-03,0.5443132,1
67909,2012-03-03,0.30394208,1
67910,2012-03-03,0.6358309,1
67911,2012-03-03,0.3593965,1
67912,2012-03-03,0.26229778,0
67913,2012-03-03,0.4518503,1
67914,2012-03-03,0.43674198,0
67915,2012-03-03,0.22894903,0
67916,2012-03-03,0.03507983,0
67917,2012-03-03,0.26219222,0
67918,2012-03-03,0.37256804,0
67919,2012-03-03,0.25262353,1
67920,2012-03-03,0.25920355,0
67921,2012-03-03,0.34037408,0
67922,2012-03-03,0.21673748,1
67923,2012-03-03,0.7077693,1
67924,2012-03-03,0.077707596,0
67925,2012-03-03,0.13172768,0
67926,2012-03-03,0.3216711,0
67927,2012-03-03,0.44763136,0
67928,2012-03-03,0.55942816,0
67929,2012-03-03,0.23644577,0
67930,2012-03-03,0.40471503,1
67931,2012-03-03,0.17521092,0
67932,2012-03-03,0.507235,1
67933,2012-03-03,0.24804439,1
67934,2012-03-03,0.43418163,0
67935,2012-03-03,0.36857733,0
67936,2012-03-03,0.6249203,1
67937,2012-03-03,0.24018079,1
67938,2012-03-03,0.22704987,0
67939,2012-03-03,0.37116966,1
67940,2012-03-03,0.7858715,0
67941,2012-03-03,0.5687891,0
67942,2012-03-03,0.23108214,0
67943,2012-03-03,0.5910165,1
67944,2012-03-03,0.2791447,1
67945,2012-03-03,0.23272629,0
67946,2012-03-03,0.25226727,1
67947,2012-03-03,0.14653482,0
67948,2012-03-03,0.0671082,0
67949,2012-03-03,0.05701192,0
67950,2012-03-03,0.07873684,0
67951,2012-03-03,0.39352643,1
67952,2012-03-03,0.40827084,1
67953,2012-03-03,0.19764134,0
67954,2012-03-03,0.17578502,0
67955,2012-03-03,0.3841359,1
67956,2012-03-03,0.53113145,0
67957,2012-03-03,0.45322102,0
67958,2012-03-03,0.3343121,1
67959,2012-03-03,0.5848533,0
67960,2012-03-03,0.37643355,0
67961,2012-03-03,0.03142477,0
67962,2012-03-03,0.052025396,0
67963,2012-03-03,0.42848277,0
67964,2012-03-03,0.06310735,0
67965,2012-03-03,0.69108796,1
67966,2012-03-03,0.23904347,0
67967,2012-03-03,0.23075043,0
67968,2012-03-03,0.3884738,1
67969,2012-03-03,0.098305434,0
67970,2012-03-03,0.29287288,0
67971,2012-03-03,0.29449546,1
67972,2012-03-03,0.11709062,0
67973,2012-03-03,0.25170085,0
67974,2012-03-03,0.2023755,1
67975,2012-03-03,0.14865044,1
67976,2012-03-03,0.15489393,0
67977,2012-03-03,0.48109895,0
67978,2012-03-03,0.14142136,0
67979,2012-03-03,0.113567404,0
67980,2012-03-03,0.12621829,0
67981,2012-03-03,0.31760147,1
67982,2012-03-03,0.46029496,0
67983,2012-03-03,0.1398883,1
67984,2012-03-03,0.5599929,1
67985,2012-03-03,0.59767836,0
67986,2012-03-03,0.22648822,1
67987,2012-03-03,0.64178425,0
67988,2012-03-03,0.2919558,0
67989,2012-03-03,0.21574616,1
67990,2012-03-03,0.12174612,0
67991,2012-03-03,0.82487917,0
67992,2012-03-03,0.22478963,1
67993,2012-03-03,0.5157774,1
67994,2012-03-03,0.48082006,1
67995,2012-03-03,0.39448434,0
67996,2012-03-03,0.83463985,0
67997,2012-03-03,0.29747722,1
67998,2012-03-03,0.30975768,0
67999,2012-03-03,0.0658502,0
68000,2012-03-03,0.08815591,0
68001,2012-03-03,0.16081247,1
68002,2012-03-03,0.053995952,0
68003,2012-03-03,0.35587567,0
68004,2012-03-03,0.23221466,0
68005,2012-03-03,0.3012293,1
68006,2012-03-03,0.53313094,1
68007,2012-03-03,0.32509616,0
68008,2012-03-03,0.18203458,0
68009,2012-03-03,0.4334774,1
68010,2012-03-03,0.5944123,0
68011,2012-03-03,0.18021044,0
68012,2012-03-03,0.2727466,0
68013,2012-03-03,0.61416847,1
68014,2012-03-03,0.44590068,0
68015,2012-03-03,0.07382689,0
68016,2012-03-03,0.19759928,0
68017,2012-03-03,0.118702404,0
68018,2012-03-03,0.065259874,0
68019,2012-03-03,0.16709724,1
68020,2012-03-03,0.24818572,1
68021,2012-03-03,0.44714195,0
68022,2012-03-03,0.20489942,0
68023,2012-03-03,0.84384257,0
68024,2012-03-03,0.7540437,1
68025,2012-03-03,0.2101488,1
68026,2012-03-03,0.34874403,0
68027,2012-03-03,0.38941428,1
68028,2012-03-03,0.27255908,0
68029,2012-03-03,0.16865166,0
68030,2012-03-03,0.08676626,0
68031,2012-03-03,0.38080359,0
68032,2012-03-03,0.6703859,1
68033,2012-03-04,0.2764574,0
68034,2012-03-04,0.39104885,0
68035,2012-03-04,0.62566984,1
68036,2012-03-04,0.077530816,0
68037,2012-03-04,0.21709195,0
68038,2012-03-04,0.07823534,0
68039,2012-03-04,0.48976153,1
68040,2012-03-04,0.79180735,0
68041,2012-03-04,0.2145508,0
68042,2012-03-04,0.26821467,0
68043,2012-03-04,0.20425628,0
68044,2012-03-04,0.52246416,0
68045,2012-03-04,0.35344055,0
68046,2012-03-04,0.17528097,0
68047,2012-03-04,0.38760072,0
68048,2012-03-04,0.78271246,0
68049,2012-03-04,0.14983164,0
68050,2012-03-04,0.16633569,0
68051,2012-03-04,0.041797806,1
68052,2012-03-04,0.09596832,0
68053,2012-03-04,0.112630986,0
68054,2012-03-04,0.08720743,0
68055,2012-03-04,0.5834326,1
68056,2012-03-04,0.2967628,0
68057,2012-03-04,0.29257962,0
68058,2012-03-04,0.30409917,1
68059,2012-03-04,0.32477117,0
68060,2012-03-04,0.49705586,0
68061,2012-03-04,0.20623317,0
68062,2012-03-04,0.77682936,0
68063,2012-03-04,0.4286089,1
68064,2012-03-04,0.081678614,0
68065,2012-03-04,0.117022015,0
68066,2012-03-04,0.0330728,0
68067,2012-03-04,0.4105887,1
68068,2012-03-04,0.8149311,1
68069,2012-03-04,0.4216103,1
68070,2012-03-04,0.27465296,0
68071,2012-03-04,0.37373614,0
68072,2012-03-04,0.69811064,1
68073,2012-03-04,0.03568908,0
68074,2012-03-04,0.25255135,1
68075,2012-03-04,0.7965581,0
68076,2012-03-04,0.07877109,0
68077,2012-03-04,0.4156658,1
68078,2012-03-04,0.25127122,0
68079,2012-03-04,0.04297964,0
68080,2012-03-04,0.39787158,0
68081,2012-03-04,0.08776364,0
68082,2012-03-04,0.20826852,1
68083,2012-03-04,0.6810142,1
68084,2012-03-04,0.50909317,0
68085,2012-03-04,0.07644607,0
68086,2012-03-04,0.6065405,0
68087,2012-03-04,0.41394132,0
68088,2012-03-04,0.18884656,0
68089,2012-03-04,0.15871441,1
68090,2012-03-04,0.49405977,1
68091,2012-03-04,0.6389803,1
68092,2012-03-04,0.4396992,1
68093,2012-03-04,0.15196498,0
68094,2012-03-04,0.18977694,0
68095,2012-03-04,0.31289476,0
68096,2012-03-04,0.1344491,1
68097,2012-03-04,0.43572372,1
68098,2012-03-04,0.6808339,1
68099,2012-03-04,0.58146393,0
68100,2012-03-04,0.061472606,0
68101,2012-03-04,0.13837096,1
68102,2012-03-04,0.4789959,0
68103,2012-03-04,0.12203021,0
68104,2012-03-04,0.37527174,1
68105,2012-03-04,0.547066,1
68106,2012-03-04,0.117814615,1
68107,2012-03-04,0.4915459,1
68108,2012-03-04,0.13879319,0
68109,2012-03-04,0.27097955,0
68110,2012-03-04,0.18677893,0
68111,2012-03-04,0.34445885,0
68112,2012-03-04,0.12353096,0
68113,2012-03-04,0.41368425,0
68114,2012-03-04,0.2613627,0
68115,2012-03-04,0.051364753,0
68116,2012-03-04,0.29310966,0
68117,2012-03-04,0.6210765,0
68118,2012-03-04,0.06417507,0
68119,2012-03-04,0.31431282,1
68120,2012-03-04,0.19297765,0
68121,2012-03-04,0.16770533,0
68122,2012-03-04,0.35577855,1
68123,2012-03-04,0.8037481,1
68124,2012-03-04,0.41196418,0
68125,2012-03-04,0.28592914,0
68126,2012-03-04,0.5244734,1
68127,2012-03-04,0.6560603,1
68128,2012-03-04,0.742975,0
68129,2012-03-04,0.049349904,0
68130,2012-03-04,0.4358642,0
68131,2012-03-04,0.22654185,0
68132,2012-03-04,0.1940487,1
68133,2012-03-04,0.20907709,0
68134,2012-03-04,0.14955406,0
68135,2012-03-04,0.4095081,1
68136,2012-03-04,0.31328598,0
68137,2012-03-04,0.37596947,0
68138,2012-03-04,0.5030347,1
68139,2012-03-04,0.5128361,0
68140,2012-03-04,0.60464823,0
68141,2012-03-04,0.72528493,1
68142,2012-03-04,0.55590606,0
68143,2012-03-04,0.19110134,1
68144,2012-03-04,0.07677165,0
68145,2012-03-04,0.14219125,0
68146,2012-03-04,0.31852934,0
68147,2012-03-04,0.23183596,0
68148,2012-03-04,0.13501178,0
68149,2012-03-04,0.48166996,0
68150,2012-03-04,0.34372976,1
68151,2012-03-04,0.26564655,0
68152,2012-03-04,0.056797806,0
68153,2012-03-04,0.421729,0
68154,2012-03-04,0.32235077,0
68155,2012-03-04,0.02316983,0
68156,2012-03-04,0.18944801,1
68157,2012-03-04,0.09965135,0
68158,2012-03-04,0.42555666,0
68159,2012-03-04,0.6101335,0
68160,2012-03-04,0.851595,1
68161,2012-03-04,0.39121863,0
68162,2012-03-04,0.6301824,1
68163,2012-03-04,0.14009176,0
68164,2012-03-04,0.20202975,1
68165,2012-03-04,0.40787536,0
68166,2012-03-04,0.05906751,0
68167,2012-03-04,0.21659558,1
68168,2012-03-04,0.31629217,0
68169,2012-03-04,0.18972045,0
68170,2012-03-04,0.7074318,0
68171,2012-03-04,0.23462291,0
68172,2012-03-04,0.8057268,0
68173,2012-03-04,0.8986612,0
68174,2012-03-04,0.36976966,0
68175,2012-03-04,0.15191874,0
68176,2012-03-04,0.26645866,0
68177,2012-03-04,0.13515662,1
68178,2012-03-04,0.40174776,0
68179,2012-03-04,0.39648044,0
68180,2012-03-04,0.26747888,0
68181,2012-03-04,0.07607887,0
68182,2012-03-04,0.8461381,1
68183,2012-03-04,0.1654118,0
68184,2012-03-04,0.17598087,1
68185,2012-03-04,0.19000265,0
68186,2012-03-04,0.5303775,0
68187,2012-03-04,0.13907304,0
68188,2012-03-04,0.27650374,0
68189,2012-03-04,0.4103737,1
68190,2012-03-04,0.30305547,0
68191,2012-03-04,0.52363175,1
68192,2012-03-04,0.41932318,0
68193,2012-03-04,0.11492836,0
68194,2012-03-04,0.20430002,1
68195,2012-03-04,0.11259746,0
68196,2012-03-04,0.51889014,1
68197,2012-03-04,0.6881393,0
68198,2012-03-04,0.08227039,1
68199,2012-03-04,0.10508441,1
68200,2012-03-04,0.74686843,1
68201,2012-03-04,0.33624575,1
68202,2012-03-04,0.5810572,0
68203,2012-03-04,0.49417576,0
68204,2012-03-04,0.30550063,1
68205,2012-03-04,0.34991455,0
68206,2012-03-04,0.0776944,0
68207,2012-03-04,0.17514622,0
68208,2012-03-04,0.39412025,1
68209,2012-03-04,0.43668038,0
68210,2012-03-04,0.70051897,1
68211,2012-03-04,0.57304776,1
68212,2012-03-04,0.15090184,0
68213,2012-03-04,0.21855111,1
68214,2012-03-04,0.041433703,0
68215,2012-03-04,0.03185337,0
68216,2012-03-04,0.08468922,0
68217,2012-03-04,0.074074626,0
68218,2012-03-04,0.2993405,0
68219,2012-03-04,0.11820551,0
68220,2012-03-04,0.59206283,1
68221,2012-03-04,0.7771079,0
68222,2012-03-04,0.530426,1
68223,2012-03-04,0.122259304,1
68224,2012-03-04,0.176627,0
68225,2012-03-04,0.13689323,0
68226,2012-03-05,0.13075745,0
68227,2012-03-05,0.4343795,1
68228,2012-03-05,0.6206857,0
68229,2012-03-05,0.38902435,0
68230,2012-03-05,0.5073794,1
68231,2012-03-05,0.10987957,0
68232,2012-03-05,0.15560935,0
68233,2012-03-05,0.56087637,0
68234,2012-03-05,0.21100394,1
68235,2012-03-05,0.34043062,1
68236,2012-03-05,0.06304399,0
68237,2012-03-05,0.57822216,1
68238,2012-03-05,0.3757511,1
68239,2012-03-05,0.47824714,0
68240,2012-03-05,0.26423842,0
68241,2012-03-05,0.050801255,0
68242,2012-03-05,0.29426876,1
68243,2012-03-05,0.335653,1
68244,2012-03-05,0.31485957,0
68245,2012-03-05,0.32943076,0
68246,2012-03-05,0.3130387,0
68247,2012-03-05,0.56788516,0
68248,2012-03-05,0.09202244,0
68249,2012-03-05,0.14745697,0
68250,2012-03-05,0.05868331,0
68251,2012-03-05,0.6155738,1
68252,2012-03-05,0.17633598,0
68253,2012-03-05,0.11993721,0
68254,2012-03-05,0.42920643,0
68255,2012-03-05,0.70193976,1
68256,2012-03-05,0.7545508,1
68257,2012-03-05,0.23208278,1
68258,2012-03-05,0.41352844,1
68259,2012-03-05,0.29665336,0
68260,2012-03-05,0.07648604,0
68261,2012-03-05,0.61132807,1
68262,2012-03-05,0.38764146,1
68263,2012-03-05,0.307061,0
68264,2012-03-05,0.053772025,0
68265,2012-03-05,0.3835728,0
68266,2012-03-05,0.31764627,0
68267,2012-03-05,0.594565,0
68268,2012-03-05,0.07478716,0
68269,2012-03-05,0.0708331,0
68270,2012-03-05,0.05802577,0
68271,2012-03-05,0.22356665,0
68272,2012-03-05,0.6210937,1
68273,2012-03-05,0.5120531,1
68274,2012-03-05,0.3824355,0
68275,2012-03-05,0.37236202,0
68276,2012-03-05,0.38519213,0
68277,2012-03-05,0.1726239,0
68278,2012-03-05,0.31993,0
68279,2012-03-05,0.08114665,0
68280,2012-03-05,0.74019945,1
68281,2012-03-05,0.14884068,0
68282,2012-03-05,0.06932315,0
68283,2012-03-05,0.06375587,0
68284,2012-03-05,0.29382926,1
68285,2012-03-05,0.4870812,1
68286,2012-03-05,0.32634744,1
68287,2012-03-05,0.04486487,1
68288,2012-03-05,0.51842403,0
68289,2012-03-05,0.65541,0
68290,2012-03-05,0.20617902,0
68291,2012-03-05,0.1904226,0
68292,2012-03-05,0.27990007,1
68293,2012-03-05,0.26113784,0
68294,2012-03-05,0.2363156,0
68295,2012-03-05,0.13023098,0
68296,2012-03-05,0.34040755,0
68297,2012-03-05,0.22261867,0
68298,2012-03-05,0.52924937,1
68299,2012-03-05,0.20473441,0
68300,2012-03-05,0.10753867,1
68301,2012-03-05,0.18733852,0
68302,2012-03-05,0.31175318,0
68303,2012-03-05,0.68489075,1
68304,2012-03-05,0.21152416,0
68305,2012-03-05,0.79936445,1
68306,2012-03-05,0.76093817,0
68307,2012-03-05,0.13096738,0
68308,2012-03-05,0.045999542,0
68309,2012-03-05,0.22850507,1
68310,2012-03-05,0.41313538,0
68311,2012-03-05,0.2371878,0
68312,2012-03-05,0.230865,1
68313,2012-03-05,0.44004002,0
68314,2012-03-05,0.02760973,0
68315,2012-03-05,0.3011864,0
68316,2012-03-05,0.025643779,0
68317,2012-03-05,0.4606903,0
68318,2012-03-05,0.26044917,0
68319,2012-03-05,0.29044515,0
68320,2012-03-05,0.040366914,0
68321,2012-03-05,0.63934976,0
68322,2012-03-05,0.4342594,1
68323,2012-03-05,0.1478651,1
68324,2012-03-05,0.36625206,1
68325,2012-03-05,0.19334884,1
68326,2012-03-05,0.28034464,0
68327,2012-03-05,0.68125576,1
68328,2012-03-05,0.29942584,0
68329,2012-03-05,0.20329396,1
68330,2012-03-05,0.2333765,0
68331,2012-03-05,0.019208483,0
68332,2012-03-05,0.24210466,1
68333,2012-03-05,0.14664587,0
68334,2012-03-05,0.046278555,0
68335,2012-03-05,0.6284431,0
68336,2012-03-05,0.36119437,0
68337,2012-03-05,0.11978239,0
68338,2012-03-05,0.1933663,1
68339,2012-03-05,0.2153825,0
68340,2012-03-05,0.10572913,0
68341,2012-03-05,0.29077408,1
68342,2012-03-05,0.6371822,1
68343,2012-03-05,0.14339279,0
68344,2012-03-05,0.34536228,0
68345,2012-03-05,0.3021031,1
68346,2012-03-05,0.14338365,0
68347,2012-03-05,0.20880874,1
68348,2012-03-05,0.30378634,1
68349,2012-03-05,0.6849044,0
68350,2012-03-05,0.4930073,0
68351,2012-03-05,0.36781436,1
68352,2012-03-05,0.36986843,0
68353,2012-03-05,0.22788423,1
68354,2012-03-05,0.3429159,1
68355,2012-03-05,0.17780909,1
68356,2012-03-05,0.6614569,1
68357,2012-03-05,0.22808464,0
68358,2012-03-05,0.49169824,1
68359,2012-03-05,0.46234232,0
68360,2012-03-05,0.15801618,0
68361,2012-03-05,0.38326076,0
68362,2012-03-05,0.13967381,1
68363,2012-03-05,0.45441085,1
68364,2012-03-05,0.6998383,0
68365,2012-03-05,0.2252838,0
68366,2012-03-05,0.25181937,0
68367,2012-03-05,0.26548457,0
68368,2012-03-05,0.1614693,0
68369,2012-03-05,0.117615126,0
68370,2012-03-05,0.84114206,1
68371,2012-03-05,0.119160876,0
68372,2012-03-05,0.7456091,0
68373,2012-03-05,0.32902828,0
68374,2012-03-05,0.17680594,0
68375,2012-03-05,0.24958156,0
68376,2012-03-05,0.53162044,1
68377,2012-03-05,0.67932725,0
68378,2012-03-05,0.4659643,1
68379,2012-03-05,0.40197745,0
68380,2012-03-05,0.2643889,0
68381,2012-03-05,0.24618347,1
68382,2012-03-05,0.30845845,1
68383,2012-03-05,0.29296374,1
68384,2012-03-05,0.16231567,0
68385,2012-03-05,0.08805324,1
68386,2012-03-05,0.4369693,0
68387,2012-03-05,0.10712864,1
68388,2012-03-05,0.06707626,0
68389,2012-03-05,0.05836919,1
68390,2012-03-05,0.48119146,1
68391,2012-03-05,0.27423427,1
68392,2012-03-05,0.6113784,0
68393,2012-03-05,0.1568363,0
68394,2012-03-05,0.22928321,0
68395,2012-03-05,0.22847486,0
68396,2012-03-05,0.28461456,1
68397,2012-03-05,0.2540077,0
68398,2012-03-05,0.7020673,0
68399,2012-03-05,0.15669948,0
68400,2012-03-05,0.45175725,1
68401,2012-03-05,0.7172081,1
68402,2012-03-05,0.27862662,1
68403,2012-03-05,0.4566455,1
68404,2012-03-05,0.24328145,0
68405,2012-03-05,0.72159016,0
68406,2012-03-05,0.71429235,0
68407,2012-03-05,0.18988204,1
68408,2012-03-05,0.19563344,1
68409,2012-03-05,0.4833484,1
68410,2012-03-05,0.5378429,0
68411,2012-03-05,0.03862437,0
68412,2012-03-05,0.3067957,0
68413,2012-03-05,0.102081366,0
68414,2012-03-05,0.07678858,1
68415,2012-03-05,0.09028559,0
68416,2012-03-05,0.75883514,1
68417,2012-03-05,0.123083904,1
68418,2012-03-05,0.07785061,0
68419,2012-03-05,0.6244972,1
68420,2012-03-05,0.33011565,1
68421,2012-03-05,0.07494258,0
68422,2012-03-05,0.7020245,0
68423,2012-03-05,0.42179075,1
68424,2012-03-05,0.17488489,0
68425,2012-03-05,0.18953563,0
68426,2012-03-05,0.3508087,0
68427,2012-03-05,0.8574329,1
68428,2012-03-05,0.19740969,0
68429,2012-03-05,0.18156873,1
68430,2012-03-05,0.15319426,0
68431,2012-03-05,0.0813318,0
68432,2012-03-05,0.041632064,0
68433,2012-03-05,0.11470009,1
68434,2012-03-05,0.18337093,1
68435,2012-03-05,0.43042603,0
68436,2012-03-05,0.19542435,0
68437,2012-03-05,0.32484838,0
68438,2012-03-05,0.3502503,1
68439,2012-03-05,0.58164394,1
68440,2012-03-05,0.24103977,0
68441,2012-03-05,0.032079156,0
68442,2012-03-05,0.100770526,0
68443,2012-03-05,0.94430417,1
68444,2012-03-05,0.4756206,0
68445,2012-03-05,0.31639183,0
68446,2012-03-05,0.38001084,0
68447,2012-03-05,0.12579207,1
68448,2012-03-05,0.30674517,0
68449,2012-03-05,0.16529076,0
68450,2012-03-05,0.83186954,0
68451,2012-03-05,0.095585205,0
68452,2012-03-05,0.13509853,1
68453,2012-03-05,0.38666466,0
68454,2012-03-05,0.61451,1
68455,2012-03-05,0.47771186,0
68456,2012-03-05,0.39283353,1
68457,2012-03-05,0.2983988,0
68458,2012-03-05,0.30580354,0
68459,2012-03-05,0.1587445,0
68460,2012-03-05,0.44062248,0
68461,2012-03-05,0.501136,1
68462,2012-03-05,0.22734529,1
68463,2012-03-05,0.14435467,0
68464,2012-03-05,0.3235725,0
68465,2012-03-05,0.46556944,1
68466,2012-03-05,0.15164329,0
68467,2012-03-05,0.24293563,0
68468,2012-03-05,0.9036915,1
68469,2012-03-05,0.17524862,0
68470,2012-03-05,0.3445422,0
68471,2012-03-05,0.5521088,1
68472,2012-03-05,0.3095538,1
68473,2012-03-05,0.16704644,0
68474,2012-03-05,0.116088115,0
68475,2012-03-05,0.37006596,0
68476,2012-03-05,0.36138138,0
68477,2012-03-05,0.1837856,0
68478,2012-03-05,0.07058019,0
68479,2012-03-05,0.31317905,0
68480,2012-03-05,0.20022765,0
68481,2012-03-05,0.21203512,0
68482,2012-03-05,0.3719221,0
68483,2012-03-05,0.2590362,1
68484,2012-03-05,0.2553143,0
68485,2012-03-05,0.08552772,0
68486,2012-03-05,0.50225323,1
68487,2012-03-05,0.29409045,0
68488,2012-03-05,0.2623235,0
68489,2012-03-05,0.035305,0
68490,2012-03-05,0.043044616,0
68491,2012-03-05,0.16618435,0
68492,2012-03-05,0.08020588,0
68493,2012-03-05,0.789509,1
68494,2012-03-05,0.73690104,1
68495,2012-03-05,0.5521581,1
68496,2012-03-05,0.26953653,0
68497,2012-03-05,0.46068016,0
68498,2012-03-05,0.2869943,0
68499,2012-03-05,0.34131268,0
68500,2012-03-05,0.39828035,0
68501,2012-03-05,0.16006927,1
68502,2012-03-05,0.14111592,0
68503,2012-03-05,0.6150475,1
68504,2012-03-05,0.25087652,1
68505,2012-03-05,0.20374139,0
68506,2012-03-05,0.2909669,0
68507,2012-03-05,0.2689232,0
68508,2012-03-05,0.28350973,1
68509,2012-03-05,0.456066,1
68510,2012-03-05,0.58815336,1
68511,2012-03-05,0.14078957,0
68512,2012-03-05,0.27306423,0
68513,2012-03-05,0.40154457,1
68514,2012-03-05,0.57461107,0
68515,2012-03-05,0.16727008,1
68516,2012-03-05,0.06105826,0
68517,2012-03-05,0.1884093,0
68518,2012-03-05,0.5959782,1
68519,2012-03-05,0.07310523,0
68520,2012-03-05,0.20852692,1
68521,2012-03-05,0.3832676,0
68522,2012-03-05,0.15824912,0
68523,2012-03-05,0.15052362,0
68524,2012-03-05,0.5934003,1
68525,2012-03-05,0.05446563,1
68526,2012-03-05,0.062256247,1
68527,2012-03-05,0.11581993,0
68528,2012-03-05,0.406039,1
68529,2012-03-05,0.056635395,0
68530,2012-03-05,0.41702783,0
68531,2012-03-05,0.26039618,0
68532,2012-03-05,0.31224006,0
68533,2012-03-05,0.28447634,0
68534,2012-03-05,0.6104059,0
68535,2012-03-05,0.024777057,0
68536,2012-03-05,0.2993861,1
68537,2012-03-05,0.689173,1
68538,2012-03-05,0.28777558,0
68539,2012-03-05,0.33383313,0
68540,2012-03-05,0.102614686,1
68541,2012-03-05,0.2689275,1
68542,2012-03-05,0.33005196,1
68543,2012-03-05,0.48626488,1
68544,2012-03-05,0.31913942,0
68545,2012-03-05,0.08315837,0
68546,2012-03-05,0.27477768,0
68547,2012-03-05,0.3697349,0
68548,2012-03-05,0.34844428,0
68549,2012-03-05,0.21303754,0
68550,2012-03-05,0.38145897,0
68551,2012-03-05,0.3201758,1
68552,2012-03-05,0.03750379,1
68553,2012-03-05,0.2696307,0
68554,2012-03-05,0.31390563,0
68555,2012-03-05,0.1165864,0
68556,2012-03-05,0.639263,0
68557,2012-03-05,0.33966184,0
68558,2012-03-05,0.07416164,0
68559,2012-03-05,0.063941844,0
68560,2012-03-05,0.4664317,1
68561,2012-03-05,0.1407264,0
68562,2012-03-05,0.6527188,0
68563,2012-03-05,0.3931971,0
68564,2012-03-05,0.061376914,0
68565,2012-03-05,0.54275566,0
68566,2012-03-05,0.37783286,0
68567,2012-03-05,0.09013762,1
68568,2012-03-05,0.38506258,0
68569,2012-03-05,0.5143195,0
68570,2012-03-05,0.062347177,0
68571,2012-03-05,0.5331789,0
68572,2012-03-05,0.4234114,0
68573,2012-03-05,0.6768358,1
68574,2012-03-05,0.31407106,0
68575,2012-03-05,0.60901606,0
68576,2012-03-05,0.32198778,0
68577,2012-03-05,0.110059924,0
68578,2012-03-05,0.62379557,0
68579,2012-03-05,0.700262,0
68580,2012-03-05,0.022678329,1
68581,2012-03-05,0.121835046,0
68582,2012-03-05,0.49233115,1
68583,2012-03-05,0.8531734,0
68584,2012-03-05,0.44261193,1
68585,2012-03-05,0.21564431,0
68586,2012-03-05,0.13918,0
68587,2012-03-05,0.26065165,1
68588,2012-03-05,0.24880578,0
68589,2012-03-05,0.26426804,1
68590,2012-03-05,0.47361124,0
68591,2012-03-05,0.5207369,0
68592,2012-03-05,0.11769733,0
68593,2012-03-05,0.51578635,0
68594,2012-03-05,0.6397058,0
68595,2012-03-05,0.3770635,1
68596,2012-03-05,0.13867582,0
68597,2012-03-05,0.13267264,0
68598,2012-03-05,0.55792403,1
68599,2012-03-05,0.17083175,0
68600,2012-03-05,0.44349465,1
68601,2012-03-05,0.0692175,0
68602,2012-03-05,0.13007475,0
68603,2012-03-05,0.32857838,0
68604,2012-03-05,0.10867309,0
68605,2012-03-05,0.08859882,0
68606,2012-03-05,0.046031862,0
68607,2012-03-05,0.032049865,1
68608,2012-03-05,0.33937606,1
68609,2012-03-05,0.07646651,0
68610,2012-03-05,0.03155145,0
68611,2012-03-05,0.12486309,0
68612,2012-03-05,0.16707776,1
68613,2012-03-05,0.26560453,0
68614,2012-03-05,0.33876777,0
68615,2012-03-05,0.65044236,1
68616,2012-03-05,0.27630976,0
68617,2012-03-05,0.17366156,1
68618,2012-03-05,0.5485411,0
68619,2012-03-05,0.10877436,0
68620,2012-03-05,0.22220998,0
68621,2012-03-05,0.54794306,0
68622,2012-03-05,0.3068204,0
68623,2012-03-05,0.16793495,0
68624,2012-03-05,0.11714703,0
68625,2012-03-05,0.1229762,0
68626,2012-03-05,0.2557449,1
68627,2012-03-05,0.22827755,0
68628,2012-03-05,0.653731,0
68629,2012-03-05,0.029007163,0
68630,2012-03-05,0.32346213,0
68631,2012-03-05,0.39443716,1
68632,2012-03-05,0.16214189,0
68633,2012-03-05,0.22712265,0
68634,2012-03-05,0.30818003,1
68635,2012-03-05,0.41925937,1
68636,2012-03-05,0.39656594,1
68637,2012-03-05,0.51873314,0
68638,2012-03-05,0.55847555,0
68639,2012-03-05,0.5098426,0
68640,2012-03-05,0.12773658,0
68641,2012-03-05,0.4487773,1
68642,2012-03-05,0.31329745,0
68643,2012-03-05,0.13039199,0
68644,2012-03-05,0.7184972,1
68645,2012-03-05,0.7175979,0
68646,2012-03-05,0.34652597,0
68647,2012-03-05,0.56770825,1
68648,2012-03-05,0.15122414,1
68649,2012-03-05,0.72434014,1
68650,2012-03-05,0.07486221,0
68651,2012-03-05,0.39541236,0
68652,2012-03-05,0.23020792,0
68653,2012-03-05,0.24343558,0
68654,2012-03-05,0.23426537,0
68655,2012-03-05,0.13092457,0
68656,2012-03-05,0.34434527,1
68657,2012-03-05,0.09094512,0
68658,2012-03-05,0.05488646,1
68659,2012-03-05,0.37063497,1
68660,2012-03-05,0.11271726,0
68661,2012-03-05,0.014774666,0
68662,2012-03-05,0.0725557,0
68663,2012-03-05,0.42519003,1
68664,2012-03-05,0.258932,1
68665,2012-03-05,0.14545332,1
68666,2012-03-05,0.0725557,0
68667,2012-03-05,0.07273131,0
68668,2012-03-05,0.23221058,1
68669,2012-03-05,0.18325622,0
68670,2012-03-05,0.62796646,0
68671,2012-03-05,0.06537383,0
68672,2012-03-05,0.41119853,0
68673,2012-03-05,0.48335117,1
68674,2012-03-05,0.21967214,0
68675,2012-03-05,0.10840491,1
68676,2012-03-05,0.17618448,0
68677,2012-03-05,0.27834907,0
68678,2012-03-05,0.34536228,0
68679,2012-03-05,0.42509747,0
68680,2012-03-05,0.054514267,0
68681,2012-03-05,0.18002813,1
68682,2012-03-05,0.43078095,1
68683,2012-03-05,0.24040082,1
68684,2012-03-05,0.38252634,0
68685,2012-03-05,0.6849883,1
68686,2012-03-05,0.51783705,0
68687,2012-03-05,0.30904305,0
68688,2012-03-05,0.5961401,1
68689,2012-03-05,0.3642741,0
68690,2012-03-05,0.13671774,0
68691,2012-03-05,0.85832417,0
68692,2012-03-05,0.66406053,1
68693,2012-03-05,0.20137867,1
68694,2012-03-05,0.47843307,1
68695,2012-03-05,0.09671254,0
68696,2012-03-05,0.5983307,1
68697,2012-03-05,0.45839724,1
68698,2012-03-05,0.14695388,1
68699,2012-03-05,0.13730584,0
68700,2012-03-05,0.16754888,0
68701,2012-03-05,0.072406195,0
68702,2012-03-05,0.29475877,0
68703,2012-03-05,0.2712502,1
68704,2012-03-05,0.7122035,0
68705,2012-03-05,0.43137306,1
68706,2012-03-05,0.20424345,1
68707,2012-03-05,0.6430034,1
68708,2012-03-05,0.39521146,0
68709,2012-03-05,0.62883884,0
68710,2012-03-05,0.37248957,0
68711,2012-03-05,0.24304202,0
68712,2012-03-05,0.09613198,0
68713,2012-03-05,0.7747372,0
68714,2012-03-05,0.12745154,0
68715,2012-03-05,0.49683008,0
68716,2012-03-05,0.64289564,0
68717,2012-03-05,0.30589288,0
68718,2012-03-05,0.5518689,0
68719,2012-03-05,0.24344233,0
68720,2012-03-05,0.46444604,0
68721,2012-03-05,0.55558836,0
68722,2012-03-05,0.56742126,0
68723,2012-03-05,0.050393026,0
68724,2012-03-05,0.4204372,0
68725,2012-03-05,0.34256834,0
68726,2012-03-05,0.39681372,1
68727,2012-03-05,0.035824817,0
68728,2012-03-05,0.63756824,0
68729,2012-03-05,0.44328254,1
68730,2012-03-05,0.45825905,0
68731,2012-03-05,0.59814686,1
68732,2012-03-05,0.33993733,1
68733,2012-03-05,0.6921711,0
68734,2012-03-05,0.6393449,0
68735,2012-03-05,0.13291521,0
68736,2012-03-05,0.3690147,0
68737,2012-03-05,0.055626832,0
68738,2012-03-05,0.23895077,0
68739,2012-03-05,0.3237729,1
68740,2012-03-05,0.44973662,1
68741,2012-03-05,0.1539213,0
68742,2012-03-05,0.3560939,0
68743,2012-03-05,0.39586693,0
68744,2012-03-05,0.11399426,1
68745,2012-03-05,0.08865777,0
68746,2012-03-05,0.60172313,1
68747,2012-03-05,0.09724101,0
68748,2012-03-05,0.15270442,0
68749,2012-03-05,0.27071297,0
68750,2012-03-05,0.19588175,1
68751,2012-03-05,0.5584392,1
68752,2012-03-05,0.120408945,0
68753,2012-03-05,0.50848806,0
68754,2012-03-05,0.26925746,1
68755,2012-03-05,0.10060729,0
68756,2012-03-05,0.06988651,1
68757,2012-03-05,0.27967328,0
68758,2012-03-05,0.38742176,1
68759,2012-03-05,0.25306085,0
68760,2012-03-05,0.3715592,0
68761,2012-03-05,0.10851434,0
68762,2012-03-05,0.5200948,0
68763,2012-03-05,0.42931873,0
68764,2012-03-05,0.30603272,0
68765,2012-03-05,0.030947417,1
68766,2012-03-05,0.38866702,0
68767,2012-03-05,0.24948359,0
68768,2012-03-05,0.5696465,1
68769,2012-03-05,0.23466791,0
68770,2012-03-05,0.2543065,0
68771,2012-03-05,0.21462575,0
68772,2012-03-05,0.042594414,1
68773,2012-03-05,0.51751995,0
68774,2012-03-05,0.7443643,1
68775,2012-03-05,0.1966513,0
68776,2012-03-05,0.05092328,0
68777,2012-03-05,0.15227558,0
68778,2012-03-05,0.152432,0
68779,2012-03-05,0.080597855,0
68780,2012-03-05,0.638645,0
68781,2012-03-05,0.17041767,0
68782,2012-03-05,0.16745898,0
68783,2012-03-05,0.5096803,0
68784,2012-03-05,0.17297296,1
68785,2012-03-05,0.30190527,0
68786,2012-03-05,0.67497474,1
68787,2012-03-05,0.7399384,1
68788,2012-03-05,0.33816573,0
68789,2012-03-05,0.14154802,0
68790,2012-03-05,0.20170683,1
68791,2012-03-05,0.21132335,0
68792,2012-03-05,0.7963728,0
68793,2012-03-05,0.26084906,1
68794,2012-03-05,0.54794306,0
68795,2012-03-05,0.1418888,0
68796,2012-03-05,0.6287881,0
68797,2012-03-05,0.4488749,0
68798,2012-03-05,0.24360366,1
68799,2012-03-05,0.20469017,0
68800,2012-03-05,0.15014774,0
68801,2012-03-05,0.85264844,0
68802,2012-03-05,0.13849981,1
68803,2012-03-05,0.07019604,0
68804,2012-03-05,0.2389644,0
68805,2012-03-05,0.37203935,1
68806,2012-03-05,0.08150855,0
68807,2012-03-05,0.17972006,0
68808,2012-03-05,0.13450186,0
68809,2012-03-05,0.15324932,0
68810,2012-03-05,0.11095908,0
68811,2012-03-05,0.6496978,0
68812,2012-03-05,0.67979527,0
68813,2012-03-05,0.31284142,0
68814,2012-03-05,0.17847171,0
68815,2012-03-05,0.23235638,1
68816,2012-03-05,0.15848665,1
68817,2012-03-05,0.1159617,0
68818,2012-03-05,0.680036,1
68819,2012-03-05,0.4311664,0
68820,2012-03-05,0.23839726,0
68821,2012-03-05,0.43944332,0
68822,2012-03-05,0.2907219,0
68823,2012-03-05,0.5773391,1
68824,2012-03-05,0.36168033,0
68825,2012-03-05,0.24210466,1
68826,2012-03-05,0.03406741,0
68827,2012-03-05,0.76576585,0
68828,2012-03-05,0.09871751,0
68829,2012-03-05,0.07071378,1
68830,2012-03-05,0.25382918,0
68831,2012-03-05,0.4441266,1
68832,2012-03-05,0.1487893,0
68833,2012-03-05,0.3454773,0
68834,2012-03-05,0.42793867,0
68835,2012-03-05,0.5285754,1
68836,2012-03-05,0.090256974,1
68837,2012-03-05,0.07287119,0
68838,2012-03-05,0.5740956,0
68839,2012-03-05,0.85119504,1
68840,2012-03-05,0.6300047,1
68841,2012-03-05,0.060804725,0
68842,2012-03-05,0.12423886,0
68843,2012-03-05,0.37891397,0
68844,2012-03-05,0.44994596,1
68845,2012-03-05,0.26490197,0
68846,2012-03-05,0.50031954,1
68847,2012-03-05,0.72862077,0
68848,2012-03-05,0.03710247,0
68849,2012-03-05,0.12545095,0
68850,2012-03-05,0.4995402,0
68851,2012-03-05,0.04516532,0
68852,2012-03-05,0.27502894,1
68853,2012-03-05,0.3885644,0
68854,2012-03-05,0.81028444,0
68855,2012-03-05,0.2835018,0
68856,2012-03-05,0.7736987,0
68857,2012-03-05,0.14534266,1
68858,2012-03-05,0.5166087,1
68859,2012-03-05,0.3298758,0
68860,2012-03-05,0.38880175,0
68861,2012-03-05,0.28911343,0
68862,2012-03-05,0.62602603,0
68863,2012-03-05,0.2516728,0
68864,2012-03-05,0.23421535,1
68865,2012-03-05,0.1792223,1
68866,2012-03-05,0.17809677,1
68867,2012-03-05,0.21100394,1
68868,2012-03-05,0.49421793,1
68869,2012-03-05,0.16557902,0
68870,2012-03-05,0.10746444,0
68871,2012-03-05,0.1314661,0
68872,2012-03-05,0.025603563,0
68873,2012-03-05,0.35440478,1
68874,2012-03-05,0.29939002,0
68875,2012-03-05,0.52680725,1
68876,2012-03-05,0.1718685,0
68877,2012-03-05,0.25089818,1
68878,2012-03-05,0.26494485,0
68879,2012-03-05,0.26349175,0
68880,2012-03-05,0.6212054,1
68881,2012-03-05,0.133205,1
68882,2012-03-05,0.72838974,1
68883,2012-03-05,0.5859035,1
68884,2012-03-05,0.79478633,1
68885,2012-03-05,0.6985514,1
68886,2012-03-05,0.08714668,0
68887,2012-03-05,0.06827912,0
68888,2012-03-05,0.21428593,0
68889,2012-03-05,0.3193054,0
68890,2012-03-05,0.24323454,0
68891,2012-03-05,0.27806744,0
68892,2012-03-05,0.07923083,1
68893,2012-03-05,0.11983267,0
68894,2012-03-05,0.14806035,0
68895,2012-03-05,0.5172521,1
68896,2012-03-05,0.49825367,0
68897,2012-03-05,0.4310705,1
68898,2012-03-05,0.32188043,1
68899,2012-03-05,0.560473,0
68900,2012-03-05,0.24209133,0
68901,2012-03-05,0.09036825,0
68902,2012-03-05,0.49874917,0
68903,2012-03-05,0.10546392,0
68904,2012-03-05,0.27863717,1
68905,2012-03-05,0.04724053,1
68906,2012-03-05,0.3420827,0
68907,2012-03-05,0.56806433,0
68908,2012-03-05,0.3047126,0
68909,2012-03-05,0.35257733,1
68910,2012-03-05,0.90355545,1
68911,2012-03-05,0.05780247,0
68912,2012-03-06,0.3339329,0
68913,2012-03-06,0.14532508,1
68914,2012-03-06,0.65096945,0
68915,2012-03-06,0.077580065,0
68916,2012-03-06,0.1738849,0
68917,2012-03-06,0.53340125,0
68918,2012-03-06,0.14944951,0
68919,2012-03-06,0.2397526,0
68920,2012-03-06,0.40594453,1
68921,2012-03-06,0.66541654,1
68922,2012-03-06,0.010113304,0
68923,2012-03-06,0.12293767,0
68924,2012-03-06,0.3296046,1
68925,2012-03-06,0.48078734,0
68926,2012-03-06,0.15061226,0
68927,2012-03-06,0.45620468,0
68928,2012-03-06,0.2794891,0
68929,2012-03-06,0.56743574,0
68930,2012-03-06,0.500121,0
68931,2012-03-06,0.35681295,0
68932,2012-03-06,0.36258358,0
68933,2012-03-06,0.49652952,1
68934,2012-03-06,0.26485986,0
68935,2012-03-06,0.3700482,1
68936,2012-03-06,0.21155001,0
68937,2012-03-06,0.33974153,0
68938,2012-03-06,0.33231708,0
68939,2012-03-06,0.12841381,0
68940,2012-03-06,0.3515752,0
68941,2012-03-06,0.33700004,1
68942,2012-03-06,0.50535583,1
68943,2012-03-06,0.044543564,0
68944,2012-03-06,0.0482903,0
68945,2012-03-06,0.33461258,0
68946,2012-03-06,0.2915211,0
68947,2012-03-06,0.5047972,1
68948,2012-03-06,0.026696334,0
68949,2012-03-06,0.14946914,0
68950,2012-03-06,0.23117241,0
68951,2012-03-06,0.6707032,0
68952,2012-03-06,0.6214383,1
68953,2012-03-06,0.113490015,0
68954,2012-03-06,0.54870766,0
68955,2012-03-06,0.64774984,0
68956,2012-03-06,0.2505471,0
68957,2012-03-06,0.31755108,0
68958,2012-03-06,0.17138405,1
68959,2012-03-06,0.04821295,0
68960,2012-03-06,0.1718399,0
68961,2012-03-06,0.6014822,1
68962,2012-03-06,0.16853921,1
68963,2012-03-06,0.32192943,0
68964,2012-03-06,0.48402599,1
68965,2012-03-06,0.37974054,0
68966,2012-03-06,0.2816553,0
68967,2012-03-06,0.37330872,0
68968,2012-03-06,0.3123331,0
68969,2012-03-06,0.4923416,0
68970,2012-03-06,0.4259243,0
68971,2012-03-06,0.077422544,0
68972,2012-03-06,0.4663365,0
68973,2012-03-06,0.37320474,0
68974,2012-03-06,0.40707856,1
68975,2012-03-06,0.11604347,0
68976,2012-03-06,0.060739633,1
68977,2012-03-06,0.31636837,1
68978,2012-03-06,0.7526537,1
68979,2012-03-06,0.41248083,0
68980,2012-03-06,0.06655183,0
68981,2012-03-06,0.18031338,0
68982,2012-03-06,0.07286874,0
68983,2012-03-06,0.24690095,0
68984,2012-03-06,0.6118119,1
68985,2012-03-06,0.9761788,1
68986,2012-03-06,0.45789146,1
68987,2012-03-06,0.13490438,0
68988,2012-03-06,0.56212926,0
68989,2012-03-06,0.064820156,0
68990,2012-03-06,0.10756201,0
68991,2012-03-06,0.3130692,0
68992,2012-03-06,0.402321,1
68993,2012-03-06,0.4988296,0
68994,2012-03-06,0.48064783,0
68995,2012-03-06,0.0349686,0
68996,2012-03-06,0.12603365,0
68997,2012-03-06,0.2220687,0
68998,2012-03-06,0.47519156,0
68999,2012-03-06,0.20904717,1
69000,2012-03-06,0.27165514,0
69001,2012-03-06,0.19533813,0
69002,2012-03-06,0.41653565,0
69003,2012-03-06,0.03147474,0
69004,2012-03-06,0.028960837,1
69005,2012-03-06,0.22478814,0
69006,2012-03-06,0.18359348,0
69007,2012-03-06,0.23943809,1
69008,2012-03-06,0.6548777,0
69009,2012-03-06,0.22710152,0
69010,2012-03-06,0.11156362,0
69011,2012-03-06,0.2844017,1
69012,2012-03-06,0.08380447,0
69013,2012-03-06,0.70142156,1
69014,2012-03-06,0.04799904,1
69015,2012-03-06,0.2798426,0
69016,2012-03-06,0.072841115,0
69017,2012-03-06,0.50032264,1
69018,2012-03-06,0.09261048,0
69019,2012-03-06,0.26111948,1
69020,2012-03-06,0.4001465,1
69021,2012-03-06,0.18064615,0
69022,2012-03-06,0.037477102,0
69023,2012-03-06,0.41943535,1
69024,2012-03-06,0.14490207,0
69025,2012-03-06,0.12494873,0
69026,2012-03-06,0.06570012,0
69027,2012-03-06,0.107959546,1
69028,2012-03-06,0.3817292,0
69029,2012-03-06,0.12517144,1
69030,2012-03-06,0.13073663,0
69031,2012-03-06,0.03083556,0
69032,2012-03-06,0.13011628,0
69033,2012-03-06,0.4376421,0
69034,2012-03-06,0.4503528,0
69035,2012-03-06,0.2873166,1
69036,2012-03-06,0.04570322,0
69037,2012-03-06,0.19165383,0
69038,2012-03-06,0.12045971,0
69039,2012-03-06,0.65373194,1
69040,2012-03-06,0.67666674,1
69041,2012-03-06,0.21100394,1
69042,2012-03-06,0.03946839,1
69043,2012-03-06,0.18513243,1
69044,2012-03-06,0.2625969,0
69045,2012-03-06,0.19517075,0
69046,2012-03-06,0.06981457,0
69047,2012-03-06,0.13549724,0
69048,2012-03-06,0.38412726,0
69049,2012-03-06,0.39972752,0
69050,2012-03-06,0.17554723,0
69051,2012-03-06,0.48971167,0
69052,2012-03-07,0.25687772,1
69053,2012-03-07,0.1350955,0
69054,2012-03-07,0.28601176,1
69055,2012-03-07,0.83193403,0
69056,2012-03-07,0.02765057,0
69057,2012-03-07,0.16415176,0
69058,2012-03-07,0.16307051,1
69059,2012-03-07,0.12554204,0
69060,2012-03-07,0.19250768,0
69061,2012-03-07,0.10273168,0
69062,2012-03-07,0.044394992,0
69063,2012-03-07,0.59319836,0
69064,2012-03-07,0.20732425,0
69065,2012-03-07,0.053268623,0
69066,2012-03-07,0.37039387,1
69067,2012-03-07,0.7929678,1
69068,2012-03-07,0.60023403,1
69069,2012-03-07,0.10156884,0
69070,2012-03-07,0.11432117,1
69071,2012-03-07,0.6010382,0
69072,2012-03-07,0.45523682,0
69073,2012-03-07,0.2332305,0
69074,2012-03-07,0.096820466,0
69075,2012-03-07,0.13932502,0
69076,2012-03-07,0.5070211,0
69077,2012-03-07,0.16853943,1
69078,2012-03-07,0.12013583,0
69079,2012-03-07,0.41680974,1
69080,2012-03-07,0.2546435,1
69081,2012-03-07,0.018647678,0
69082,2012-03-07,0.24372022,0
69083,2012-03-07,0.17918862,0
69084,2012-03-07,0.26346427,0
69085,2012-03-07,0.26367897,0
69086,2012-03-07,0.7532085,0
69087,2012-03-07,0.2844162,1
69088,2012-03-07,0.68049693,1
69089,2012-03-07,0.5040538,1
69090,2012-03-07,0.30700764,0
69091,2012-03-07,0.8098372,0
69092,2012-03-07,0.094751135,1
69093,2012-03-07,0.5819148,0
69094,2012-03-07,0.27527338,1
69095,2012-03-07,0.3824371,0
69096,2012-03-07,0.6159887,1
69097,2012-03-07,0.40971148,1
69098,2012-03-07,0.3673272,0
69099,2012-03-07,0.45098415,0
69100,2012-03-07,0.04370837,1
69101,2012-03-07,0.16800389,0
69102,2012-03-07,0.057413127,0
69103,2012-03-07,0.4060162,1
69104,2012-03-07,0.3192942,1
69105,2012-03-07,0.44762558,1
69106,2012-03-07,0.18901825,1
69107,2012-03-07,0.11354527,0
69108,2012-03-07,0.21245071,0
69109,2012-03-07,0.03835468,0
69110,2012-03-07,0.10839498,1
69111,2012-03-07,0.07707846,0
69112,2012-03-07,0.51517296,1
69113,2012-03-07,0.06959039,0
69114,2012-03-07,0.3331706,0
69115,2012-03-07,0.23446484,1
69116,2012-03-07,0.4750284,1
69117,2012-03-07,0.52805716,0
69118,2012-03-07,0.25989443,0
69119,2012-03-07,0.18194781,1
69120,2012-03-07,0.27044284,0
69121,2012-03-07,0.6633923,0
69122,2012-03-07,0.08434252,0
69123,2012-03-07,0.27639443,0
69124,2012-03-07,0.19538738,0
69125,2012-03-07,0.3073448,1
69126,2012-03-07,0.5564778,0
69127,2012-03-07,0.44046813,0
69128,2012-03-07,0.20690636,0
69129,2012-03-07,0.70171505,0
69130,2012-03-07,0.3214384,0
69131,2012-03-07,0.09376684,1
69132,2012-03-07,0.078981504,0
69133,2012-03-07,0.16073109,0
69134,2012-03-07,0.6809926,1
69135,2012-03-07,0.07102585,0
69136,2012-03-07,0.1194859,0
69137,2012-03-07,0.6550072,1
69138,2012-03-07,0.0457473,0
69139,2012-03-07,0.41136056,1
69140,2012-03-07,0.35790786,1
69141,2012-03-07,0.26880643,0
69142,2012-03-07,0.099026024,0
69143,2012-03-07,0.46234855,1
69144,2012-03-07,0.5670742,0
69145,2012-03-07,0.39196178,0
69146,2012-03-07,0.032346025,0
69147,2012-03-07,0.02301728,0
69148,2012-03-07,0.082599916,0
69149,2012-03-07,0.1346194,0
69150,2012-03-07,0.43795025,1
69151,2012-03-07,0.19484276,0
69152,2012-03-07,0.02435468,0
69153,2012-03-07,0.45031688,1
69154,2012-03-07,0.25874853,0
69155,2012-03-07,0.5361485,0
69156,2012-03-07,0.10726745,0
69157,2012-03-07,0.3320173,0
69158,2012-03-07,0.58942664,0
69159,2012-03-07,0.75296724,1
69160,2012-03-07,0.25573453,0
69161,2012-03-07,0.41661027,1
69162,2012-03-07,0.059767045,0
69163,2012-03-07,0.7344006,0
69164,2012-03-07,0.4324298,1
69165,2012-03-07,0.1319702,0
69166,2012-03-07,0.51818085,0
69167,2012-03-07,0.048749566,0
69168,2012-03-07,0.18177617,0
69169,2012-03-07,0.22806077,0
69170,2012-03-07,0.25640306,0
69171,2012-03-08,0.19141696,0
69172,2012-03-08,0.36129645,0
69173,2012-03-08,0.12397097,1
69174,2012-03-08,0.412177,0
69175,2012-03-08,0.055965967,0
69176,2012-03-08,0.36243838,0
69177,2012-03-08,0.5746,1
69178,2012-03-08,0.16099286,0
69179,2012-03-08,0.104684696,0
69180,2012-03-08,0.20255317,0
69181,2012-03-08,0.18510611,0
69182,2012-03-08,0.17295332,0
69183,2012-03-08,0.38416505,0
69184,2012-03-08,0.06820796,0
69185,2012-03-08,0.36998528,0
69186,2012-03-08,0.28371817,1
69187,2012-03-08,0.30495742,0
69188,2012-03-08,0.24552226,0
69189,2012-03-08,0.610432,0
69190,2012-03-08,0.56756645,1
69191,2012-03-08,0.40644112,0
69192,2012-03-08,0.20173556,0
69193,2012-03-08,0.085426725,0
69194,2012-03-08,0.21653597,1
69195,2012-03-08,0.07940402,0
69196,2012-03-08,0.77222425,0
69197,2012-03-08,0.18904187,0
69198,2012-03-08,0.17163785,0
69199,2012-03-08,0.6448442,1
69200,2012-03-08,0.78673327,1
69201,2012-03-08,0.07371743,0
69202,2012-03-08,0.06567271,1
69203,2012-03-08,0.38451138,1
69204,2012-03-08,0.20620012,1
69205,2012-03-08,0.16361532,1
69206,2012-03-08,0.18107468,0
69207,2012-03-08,0.045836195,0
69208,2012-03-08,0.5337251,1
69209,2012-03-08,0.063157804,0
69210,2012-03-08,0.74159116,1
69211,2012-03-08,0.5178347,0
69212,2012-03-08,0.69418085,1
69213,2012-03-08,0.1804705,0
69214,2012-03-08,0.15449154,0
69215,2012-03-08,0.51139826,1
69216,2012-03-08,0.06685885,1
69217,2012-03-08,0.31175318,0
69218,2012-03-08,0.14949895,0
69219,2012-03-08,0.13100927,0
69220,2012-03-08,0.3203992,0
69221,2012-03-08,0.20854698,0
69222,2012-03-08,0.19648501,1
69223,2012-03-08,0.3588724,0
69224,2012-03-08,0.7012776,1
69225,2012-03-08,0.31358713,0
69226,2012-03-08,0.09256266,0
69227,2012-03-08,0.13943687,0
69228,2012-03-08,0.5630823,0
69229,2012-03-08,0.05604721,0
69230,2012-03-08,0.10784101,0
69231,2012-03-08,0.06263299,0
69232,2012-03-08,0.51007324,1
69233,2012-03-08,0.18193668,0
69234,2012-03-08,0.5692179,0
69235,2012-03-08,0.027836146,0
69236,2012-03-08,0.69311017,1
69237,2012-03-08,0.49865335,1
69238,2012-03-08,0.09237147,0
69239,2012-03-08,0.67169017,0
69240,2012-03-08,0.24780817,0
69241,2012-03-08,0.34959665,1
69242,2012-03-08,0.33579522,0
69243,2012-03-08,0.59504277,1
69244,2012-03-08,0.037986465,0
69245,2012-03-08,0.22323814,0
69246,2012-03-08,0.16692829,0
69247,2012-03-08,0.09269878,1
69248,2012-03-08,0.27552924,0
69249,2012-03-08,0.4272455,0
69250,2012-03-08,0.15104504,0
69251,2012-03-08,0.64926445,1
69252,2012-03-08,0.05128977,0
69253,2012-03-08,0.4210709,0
69254,2012-03-08,0.04341818,0
69255,2012-03-08,0.28636327,0
69256,2012-03-08,0.13176987,0
69257,2012-03-08,0.30962858,0
69258,2012-03-08,0.41481352,0
69259,2012-03-08,0.18855767,1
69260,2012-03-08,0.046728972,0
69261,2012-03-08,0.3374397,0
69262,2012-03-08,0.21024755,0
69263,2012-03-08,0.34744465,0
69264,2012-03-08,0.07788869,0
69265,2012-03-08,0.9280772,1
69266,2012-03-08,0.13572688,0
69267,2012-03-08,0.34815228,0
69268,2012-03-08,0.8294004,1
69269,2012-03-08,0.16455327,0
69270,2012-03-08,0.08471695,0
69271,2012-03-08,0.09262314,1
69272,2012-03-08,0.62899935,0
69273,2012-03-08,0.5404371,0
69274,2012-03-08,0.31150457,1
69275,2012-03-08,0.135089,0
69276,2012-03-08,0.44852817,1
69277,2012-03-08,0.7444771,1
69278,2012-03-08,0.493881,1
69279,2012-03-08,0.6267996,1
69280,2012-03-08,0.23761237,1
69281,2012-03-08,0.84236825,1
69282,2012-03-08,0.10223542,1
69283,2012-03-08,0.33793825,0
69284,2012-03-08,0.2652104,0
69285,2012-03-08,0.23128279,1
69286,2012-03-08,0.07898551,1
69287,2012-03-08,0.41940373,1
69288,2012-03-08,0.4896426,0
69289,2012-03-08,0.34437633,0
69290,2012-03-08,0.102499306,0
69291,2012-03-08,0.21410784,1
69292,2012-03-08,0.023955023,0
69293,2012-03-08,0.23534529,1
69294,2012-03-08,0.3017466,0
69295,2012-03-08,0.54829395,1
69296,2012-03-08,0.23830046,0
69297,2012-03-08,0.15592858,0
69298,2012-03-08,0.27674308,0
69299,2012-03-08,0.09123328,0
69300,2012-03-08,0.72770935,0
69301,2012-03-08,0.55805135,0
69302,2012-03-08,0.5572133,1
69303,2012-03-08,0.4011629,0
69304,2012-03-08,0.20146237,0
69305,2012-03-08,0.28451753,1
69306,2012-03-08,0.41215694,1
69307,2012-03-08,0.47263288,1
69308,2012-03-08,0.067324065,0
69309,2012-03-08,0.1652226,0
69310,2012-03-08,0.21317993,0
69311,2012-03-08,0.14836653,0
69312,2012-03-08,0.588032,1
69313,2012-03-08,0.6376838,0
69314,2012-03-08,0.4251289,1
69315,2012-03-08,0.14717025,1
69316,2012-03-08,0.26186496,0
69317,2012-03-08,0.52667475,1
69318,2012-03-08,0.32441074,0
69319,2012-03-08,0.35712227,0
69320,2012-03-08,0.6585673,0
69321,2012-03-08,0.31298804,0
69322,2012-03-08,0.28232962,0
69323,2012-03-08,0.5737447,0
69324,2012-03-08,0.49433315,1
69325,2012-03-08,0.33018234,0
69326,2012-03-08,0.19188856,1
69327,2012-03-08,0.17339301,1
69328,2012-03-08,0.053645857,0
69329,2012-03-08,0.28548944,0
69330,2012-03-08,0.031460345,0
69331,2012-03-08,0.4604056,0
69332,2012-03-08,0.048922267,0
69333,2012-03-08,0.15236676,0
69334,2012-03-08,0.060873486,0
69335,2012-03-08,0.09835545,0
69336,2012-03-08,0.29657355,0
69337,2012-03-08,0.27004644,0
69338,2012-03-08,0.17260022,0
69339,2012-03-08,0.20968029,1
69340,2012-03-08,0.09691282,0
69341,2012-03-08,0.27346277,1
69342,2012-03-08,0.21606298,0
69343,2012-03-08,0.033019084,0
69344,2012-03-08,0.2345028,0
69345,2012-03-08,0.12124528,0
69346,2012-03-08,0.6217271,0
69347,2012-03-08,0.24754813,0
69348,2012-03-08,0.52125365,1
69349,2012-03-08,0.13190857,0
69350,2012-03-08,0.14540891,1
69351,2012-03-08,0.6779466,1
69352,2012-03-08,0.41630107,1
69353,2012-03-08,0.04410807,0
69354,2012-03-08,0.21620815,0
69355,2012-03-08,0.02345546,0
69356,2012-03-08,0.45042354,0
69357,2012-03-08,0.5715545,0
69358,2012-03-08,0.7055352,0
69359,2012-03-08,0.17629643,0
69360,2012-03-08,0.2237597,1
69361,2012-03-08,0.3642181,0
69362,2012-03-08,0.18539636,0
69363,2012-03-08,0.26065505,0
69364,2012-03-08,0.10725936,0
69365,2012-03-08,0.07584006,0
69366,2012-03-08,0.27363876,0
69367,2012-03-08,0.3572294,0
69368,2012-03-08,0.19190228,1
69369,2012-03-08,0.101649396,1
69370,2012-03-08,0.8560127,1
69371,2012-03-08,0.09989336,1
69372,2012-03-08,0.71544117,0
69373,2012-03-08,0.108043425,0
69374,2012-03-08,0.0453742,0
69375,2012-03-08,0.1707407,1
69376,2012-03-08,0.38610688,1
69377,2012-03-08,0.45905975,0
69378,2012-03-08,0.16122222,0
69379,2012-03-08,0.12023404,0
69380,2012-03-08,0.21306688,0
69381,2012-03-08,0.2505748,0
69382,2012-03-08,0.16566104,1
69383,2012-03-08,0.20704882,0
69384,2012-03-08,0.1424176,0
69385,2012-03-08,0.17598407,0
69386,2012-03-08,0.06156162,0
69387,2012-03-08,0.2132045,0
69388,2012-03-08,0.36524427,0
69389,2012-03-08,0.40826517,0
69390,2012-03-08,0.51005757,0
69391,2012-03-08,0.2345007,1
69392,2012-03-08,0.77091014,1
69393,2012-03-08,0.16988899,0
69394,2012-03-08,0.2874653,0
69395,2012-03-08,0.6695864,1
69396,2012-03-08,0.3007139,1
69397,2012-03-08,0.35245377,1
69398,2012-03-08,0.39339608,1
69399,2012-03-08,0.07774068,0
69400,2012-03-08,0.22701953,0
69401,2012-03-08,0.52236664,1
69402,2012-03-08,0.40473667,0
69403,2012-03-08,0.56327176,0
69404,2012-03-08,0.26654005,1
69405,2012-03-08,0.6263625,0
69406,2012-03-08,0.5992443,1
69407,2012-03-08,0.18215644,0
69408,2012-03-08,0.08859196,0
69409,2012-03-08,0.32657954,0
69410,2012-03-08,0.03480588,0
69411,2012-03-08,0.5225158,1
69412,2012-03-08,0.13759579,0
69413,2012-03-08,0.35935834,0
69414,2012-03-08,0.49682418,1
69415,2012-03-08,0.30669707,0
69416,2012-03-08,0.50476974,1
69417,2012-03-08,0.732249,0
69418,2012-03-08,0.67010653,0
69419,2012-03-08,0.2105347,0
69420,2012-03-08,0.72131,1
69421,2012-03-08,0.052984774,0
69422,2012-03-08,0.45121852,0
69423,2012-03-08,0.043063644,0
69424,2012-03-08,0.2885299,0
69425,2012-03-08,0.5662149,1
69426,2012-03-08,0.68457466,0
69427,2012-03-08,0.20659454,0
69428,2012-03-08,0.15993106,1
69429,2012-03-08,0.06959821,0
69430,2012-03-08,0.29596308,0
69431,2012-03-08,0.15702139,0
69432,2012-03-08,0.39873427,0
69433,2012-03-08,0.2028084,0
69434,2012-03-08,0.5629373,0
69435,2012-03-08,0.14890662,0
69436,2012-03-08,0.15908144,0
69437,2012-03-08,0.21250987,1
69438,2012-03-08,0.12052753,0
69439,2012-03-08,0.35949257,1
69440,2012-03-08,0.18150696,1
69441,2012-03-08,0.1618084,0
69442,2012-03-08,0.10881058,0
69443,2012-03-08,0.86946255,0
69444,2012-03-08,0.7964827,0
69445,2012-03-08,0.05807009,0
69446,2012-03-08,0.5546031,0
69447,2012-03-08,0.3296018,0
69448,2012-03-08,0.70858747,1
69449,2012-03-08,0.68745697,0
69450,2012-03-08,0.15891574,0
69451,2012-03-08,0.15027678,0
69452,2012-03-08,0.5110716,1
69453,2012-03-08,0.60213566,1
69454,2012-03-08,0.14846492,0
69455,2012-03-08,0.08468006,0
69456,2012-03-08,0.28623986,0
69457,2012-03-08,0.3612132,0
69458,2012-03-08,0.29364467,0
69459,2012-03-08,0.28971308,1
69460,2012-03-08,0.38971734,0
69461,2012-03-08,0.07348746,0
69462,2012-03-08,0.29292163,0
69463,2012-03-08,0.17377116,1
69464,2012-03-08,0.67571145,0
69465,2012-03-08,0.4346285,1
69466,2012-03-08,0.05124371,0
69467,2012-03-08,0.10791802,0
69468,2012-03-08,0.5256248,0
69469,2012-03-08,0.07550588,0
69470,2012-03-08,0.32058755,0
69471,2012-03-08,0.22511435,0
69472,2012-03-08,0.36391073,0
69473,2012-03-08,0.18828921,1
69474,2012-03-08,0.82715344,1
69475,2012-03-08,0.5325001,1
69476,2012-03-08,0.3549857,1
69477,2012-03-08,0.2417833,0
69478,2012-03-08,0.2302878,1
69479,2012-03-08,0.15020898,0
69480,2012-03-08,0.38827023,0
69481,2012-03-08,0.14320898,0
69482,2012-03-08,0.38477546,0
69483,2012-03-08,0.31808674,0
69484,2012-03-08,0.39889207,0
69485,2012-03-08,0.09121733,0
69486,2012-03-08,0.27302286,0
69487,2012-03-08,0.061276622,1
69488,2012-03-08,0.17632478,1
69489,2012-03-08,0.3667744,0
69490,2012-03-08,0.61501527,1
69491,2012-03-08,0.063921355,0
69492,2012-03-08,0.6073135,0
69493,2012-03-08,0.7370531,1
69494,2012-03-08,0.18920173,0
69495,2012-03-08,0.3998583,1
69496,2012-03-08,0.119286224,1
69497,2012-03-08,0.13693033,0
69498,2012-03-08,0.3752126,0
69499,2012-03-08,0.4509462,1
69500,2012-03-08,0.20901734,0
69501,2012-03-08,0.26909623,0
69502,2012-03-08,0.15617828,0
69503,2012-03-08,0.18285102,0
69504,2012-03-08,0.10766013,0
69505,2012-03-08,0.3633064,0
69506,2012-03-08,0.47641236,0
69507,2012-03-08,0.6337971,1
69508,2012-03-08,0.24433523,1
69509,2012-03-08,0.16049063,0
69510,2012-03-08,0.27827272,0
69511,2012-03-08,0.2705063,0
69512,2012-03-08,0.5211532,0
69513,2012-03-08,0.36941034,0
69514,2012-03-08,0.26505643,0
69515,2012-03-08,0.4732461,1
69516,2012-03-08,0.35244453,1
69517,2012-03-08,0.43846,0
69518,2012-03-08,0.29685664,1
69519,2012-03-08,0.06955651,0
69520,2012-03-08,0.106603436,0
69521,2012-03-08,0.16520333,0
69522,2012-03-08,0.17280608,0
69523,2012-03-08,0.19020438,0
69524,2012-03-08,0.13359682,1
69525,2012-03-08,0.52079296,1
69526,2012-03-08,0.22466576,0
69527,2012-03-08,0.3262439,0
69528,2012-03-08,0.015688024,0
69529,2012-03-08,0.6443148,1
69530,2012-03-08,0.11611466,1
69531,2012-03-08,0.30724838,0
69532,2012-03-08,0.1672655,1
69533,2012-03-08,0.11565402,1
69534,2012-03-08,0.06827534,0
69535,2012-03-08,0.19307059,0
69536,2012-03-08,0.2576272,0
69537,2012-03-08,0.6503665,1
69538,2012-03-08,0.23450933,1
69539,2012-03-08,0.027212862,0
69540,2012-03-08,0.569782,0
69541,2012-03-08,0.3242552,0
69542,2012-03-08,0.21622121,0
69543,2012-03-08,0.5600098,0
69544,2012-03-08,0.5631792,1
69545,2012-03-08,0.5201671,0
69546,2012-03-08,0.41672775,1
69547,2012-03-08,0.29544026,1
69548,2012-03-08,0.4075979,0
69549,2012-03-08,0.37894088,0
69550,2012-03-08,0.76670057,1
69551,2012-03-08,0.15496348,1
69552,2012-03-08,0.32129234,0
69553,2012-03-09,0.5097687,1
69554,2012-03-09,0.19878599,0
69555,2012-03-09,0.085117,0
69556,2012-03-09,0.7423624,1
69557,2012-03-09,0.261888,0
69558,2012-03-09,0.21007186,0
69559,2012-03-09,0.19879669,0
69560,2012-03-09,0.7964807,1
69561,2012-03-09,0.14739893,0
69562,2012-03-09,0.2375454,1
69563,2012-03-09,0.79731387,1
69564,2012-03-09,0.41821724,1
69565,2012-03-09,0.09738606,1
69566,2012-03-09,0.23959927,0
69567,2012-03-09,0.7045927,1
69568,2012-03-09,0.65955937,1
69569,2012-03-09,0.5865808,1
69570,2012-03-09,0.033300094,0
69571,2012-03-09,0.20167783,0
69572,2012-03-09,0.11204689,1
69573,2012-03-09,0.519944,1
69574,2012-03-09,0.018822825,0
69575,2012-03-09,0.24416094,1
69576,2012-03-09,0.6873039,1
69577,2012-03-09,0.33552113,1
69578,2012-03-09,0.20323417,1
69579,2012-03-09,0.6378828,0
69580,2012-03-09,0.028543856,0
69581,2012-03-09,0.12915288,0
69582,2012-03-09,0.44569123,0
69583,2012-03-09,0.41673777,0
69584,2012-03-09,0.15078813,0
69585,2012-03-09,0.79524857,0
69586,2012-03-09,0.47614843,0
69587,2012-03-09,0.058972787,0
69588,2012-03-09,0.13195194,1
69589,2012-03-09,0.37871292,0
69590,2012-03-09,0.25286525,0
69591,2012-03-09,0.30993438,1
69592,2012-03-09,0.048068408,0
69593,2012-03-09,0.6183235,0
69594,2012-03-09,0.47192854,1
69595,2012-03-09,0.48066005,1
69596,2012-03-09,0.3066335,1
69597,2012-03-09,0.19558105,0
69598,2012-03-09,0.4963691,0
69599,2012-03-09,0.69324124,1
69600,2012-03-09,0.45765203,0
69601,2012-03-09,0.18349257,0
69602,2012-03-09,0.24055889,1
69603,2012-03-09,0.13684347,1
69604,2012-03-09,0.4918721,0
69605,2012-03-09,0.076552555,0
69606,2012-03-09,0.68649,1
69607,2012-03-09,0.51851374,1
69608,2012-03-09,0.3867589,0
69609,2012-03-09,0.80076885,0
69610,2012-03-09,0.16135538,0
69611,2012-03-09,0.23735334,0
69612,2012-03-09,0.2645392,0
69613,2012-03-09,0.17648649,1
69614,2012-03-09,0.22083083,0
69615,2012-03-09,0.40860507,1
69616,2012-03-09,0.44852188,1
69617,2012-03-09,0.5796891,1
69618,2012-03-09,0.21805625,0
69619,2012-03-09,0.116214536,0
69620,2012-03-09,0.32618895,0
69621,2012-03-09,0.32291147,1
69622,2012-03-09,0.24362724,1
69623,2012-03-09,0.1047657,0
69624,2012-03-09,0.6299411,1
69625,2012-03-09,0.61418074,1
69626,2012-03-09,0.10896075,0
69627,2012-03-09,0.17097129,0
69628,2012-03-09,0.3849747,0
69629,2012-03-09,0.239886,0
69630,2012-03-09,0.74517107,1
69631,2012-03-09,0.35607162,0
69632,2012-03-09,0.336195,0
69633,2012-03-09,0.014530807,0
69634,2012-03-09,0.24588878,0
69635,2012-03-09,0.086525366,0
69636,2012-03-09,0.46810383,0
69637,2012-03-09,0.49001592,1
69638,2012-03-09,0.13243431,0
69639,2012-03-09,0.23857625,0
69640,2012-03-09,0.2460209,1
69641,2012-03-09,0.6577302,0
69642,2012-03-09,0.12345168,0
69643,2012-03-09,0.6551635,0
69644,2012-03-09,0.42511854,0
69645,2012-03-09,0.68446743,0
69646,2012-03-09,0.2355032,0
69647,2012-03-09,0.6771989,0
69648,2012-03-09,0.053883184,0
69649,2012-03-09,0.48272502,0
69650,2012-03-09,0.33989474,0
69651,2012-03-09,0.5908234,0
69652,2012-03-09,0.10611066,1
69653,2012-03-09,0.5689254,1
69654,2012-03-09,0.17584336,1
69655,2012-03-09,0.10405081,0
69656,2012-03-09,0.31445602,1
69657,2012-03-09,0.37799683,0
69658,2012-03-09,0.23217762,1
69659,2012-03-09,0.8048105,0
69660,2012-03-09,0.6058229,0
69661,2012-03-09,0.17887492,1
69662,2012-03-09,0.22611377,0
69663,2012-03-09,0.14980876,0
69664,2012-03-09,0.91712576,0
69665,2012-03-09,0.21675259,1
69666,2012-03-09,0.3746531,0
69667,2012-03-09,0.37891856,1
69668,2012-03-09,0.40477273,1
69669,2012-03-09,0.46544257,0
69670,2012-03-09,0.24519077,1
69671,2012-03-09,0.051478513,0
69672,2012-03-09,0.651248,1
69673,2012-03-09,0.16472656,0
69674,2012-03-09,0.7458052,1
69675,2012-03-09,0.40926915,0
69676,2012-03-09,0.6984902,1
69677,2012-03-09,0.39667487,0
69678,2012-03-09,0.057439532,0
69679,2012-03-09,0.23693295,1
69680,2012-03-09,0.45041147,1
69681,2012-03-09,0.36925605,0
69682,2012-03-09,0.40040988,0
69683,2012-03-09,0.4719203,0
69684,2012-03-09,0.23325361,0
69685,2012-03-09,0.15862244,0
69686,2012-03-09,0.21762247,0
69687,2012-03-09,0.597525,0
69688,2012-03-09,0.41492903,0
69689,2012-03-09,0.62523335,0
69690,2012-03-09,0.27775824,0
69691,2012-03-09,0.14144921,0
69692,2012-03-09,0.92514205,0
69693,2012-03-09,0.7398918,1
69694,2012-03-09,0.20195866,0
69695,2012-03-09,0.34715432,0
69696,2012-03-09,0.29606956,0
69697,2012-03-09,0.62257564,1
69698,2012-03-09,0.112007104,1
69699,2012-03-09,0.11129171,0
69700,2012-03-09,0.06920689,0
69701,2012-03-09,0.24909219,0
69702,2012-03-09,0.37327257,1
69703,2012-03-09,0.09036159,0
69704,2012-03-09,0.9519518,1
69705,2012-03-09,0.5700856,0
69706,2012-03-09,0.18034413,0
69707,2012-03-09,0.02188751,0
69708,2012-03-09,0.2565076,0
69709,2012-03-09,0.71553415,0
69710,2012-03-09,0.042193763,0
69711,2012-03-09,0.40650418,0
69712,2012-03-09,0.49025953,0
69713,2012-03-09,0.44407186,0
69714,2012-03-09,0.14054869,0
69715,2012-03-09,0.4654001,1
69716,2012-03-09,0.19861564,0
69717,2012-03-09,0.269351,0
69718,2012-03-09,0.67550296,0
69719,2012-03-09,0.352558,0
69720,2012-03-09,0.03379387,0
69721,2012-03-09,0.16888085,0
69722,2012-03-09,0.40550417,1
69723,2012-03-09,0.68797916,1
69724,2012-03-09,0.2369982,1
69725,2012-03-09,0.40982044,1
69726,2012-03-09,0.3585995,0
69727,2012-03-09,0.88206077,1
69728,2012-03-09,0.2724007,0
69729,2012-03-09,0.25333092,1
69730,2012-03-09,0.6923371,0
69731,2012-03-09,0.056862753,1
69732,2012-03-09,0.58950883,1
69733,2012-03-09,0.75882626,1
69734,2012-03-09,0.64324003,0
69735,2012-03-09,0.27058953,0
69736,2012-03-09,0.3864888,0
69737,2012-03-09,0.4341633,0
69738,2012-03-09,0.101540886,0
69739,2012-03-09,0.6282729,0
69740,2012-03-09,0.18225864,1
69741,2012-03-09,0.18819854,0
69742,2012-03-09,0.25257742,0
69743,2012-03-09,0.20778856,0
69744,2012-03-09,0.34032896,0
69745,2012-03-09,0.13812768,0
69746,2012-03-09,0.84207743,1
69747,2012-03-09,0.08624878,0
69748,2012-03-09,0.15089753,0
69749,2012-03-09,0.28475812,0
69750,2012-03-09,0.17017394,0
69751,2012-03-09,0.21576996,0
69752,2012-03-09,0.4346538,1
69753,2012-03-09,0.03116503,0
69754,2012-03-09,0.5649621,0
69755,2012-03-09,0.581517,0
69756,2012-03-09,0.34770486,0
69757,2012-03-09,0.49031535,0
69758,2012-03-09,0.19466029,0
69759,2012-03-09,0.631315,1
69760,2012-03-09,0.8594702,1
69761,2012-03-09,0.09293539,0
69762,2012-03-09,0.25398532,0
69763,2012-03-09,0.080157295,0
69764,2012-03-09,0.46396962,1
69765,2012-03-09,0.31369135,0
69766,2012-03-09,0.045702804,0
69767,2012-03-09,0.3919401,0
69768,2012-03-09,0.43415996,0
69769,2012-03-09,0.23607506,0
69770,2012-03-09,0.087773524,0
69771,2012-03-09,0.5659499,0
69772,2012-03-09,0.41485325,1
69773,2012-03-09,0.24947219,1
69774,2012-03-09,0.2908932,1
69775,2012-03-09,0.4309754,1
69776,2012-03-09,0.111251585,0
69777,2012-03-09,0.31562173,0
69778,2012-03-09,0.45832044,1
69779,2012-03-09,0.5556808,1
69780,2012-03-09,0.123070166,0
69781,2012-03-09,0.29581168,0
69782,2012-03-09,0.21482591,0
69783,2012-03-09,0.14600405,0
69784,2012-03-09,0.25881702,0
69785,2012-03-09,0.45663232,1
69786,2012-03-09,0.12215495,0
69787,2012-03-09,0.2597755,0
69788,2012-03-09,0.45834985,0
69789,2012-03-09,0.41123304,0
69790,2012-03-09,0.16960205,1
69791,2012-03-09,0.17215264,1
69792,2012-03-09,0.09565887,0
69793,2012-03-09,0.16868097,0
69794,2012-03-09,0.26732334,0
69795,2012-03-09,0.35440654,0
69796,2012-03-09,0.63053364,1
69797,2012-03-09,0.32076016,0
69798,2012-03-09,0.30724752,1
69799,2012-03-09,0.42775032,1
69800,2012-03-09,0.47670236,1
69801,2012-03-09,0.70992523,0
69802,2012-03-09,0.21390526,0
69803,2012-03-09,0.83248025,1
69804,2012-03-09,0.63193774,1
69805,2012-03-09,0.20013925,0
69806,2012-03-09,0.16223954,1
69807,2012-03-09,0.83467704,1
69808,2012-03-09,0.1680106,0
69809,2012-03-09,0.051360063,0
69810,2012-03-09,0.090103686,0
69811,2012-03-09,0.47415555,1
69812,2012-03-09,0.29096884,1
69813,2012-03-09,0.38923034,0
69814,2012-03-09,0.8198223,1
69815,2012-03-09,0.2901264,0
69816,2012-03-09,0.7256692,0
69817,2012-03-09,0.09982921,1
69818,2012-03-09,0.4220228,0
69819,2012-03-09,0.4155592,1
69820,2012-03-09,0.13449079,1
69821,2012-03-09,0.22071306,1
69822,2012-03-09,0.18213445,0
69823,2012-03-09,0.17191899,1
69824,2012-03-09,0.5163701,1
69825,2012-03-09,0.35816935,1
69826,2012-03-09,0.045682617,0
69827,2012-03-09,0.16659519,0
69828,2012-03-09,0.31259695,0
69829,2012-03-09,0.71078724,1
69830,2012-03-09,0.18786405,0
69831,2012-03-09,0.11170923,0
69832,2012-03-09,0.30833575,0
69833,2012-03-09,0.04121394,0
69834,2012-03-09,0.17912464,0
69835,2012-03-09,0.30106613,0
69836,2012-03-09,0.610963,0
69837,2012-03-09,0.14927465,0
69838,2012-03-09,0.18356623,0
69839,2012-03-09,0.3915907,0
69840,2012-03-09,0.18671651,0
69841,2012-03-09,0.17896262,0
69842,2012-03-09,0.12978044,0
69843,2012-03-09,0.73384887,1
69844,2012-03-09,0.15912361,0
69845,2012-03-09,0.2274518,0
69846,2012-03-09,0.022989837,0
69847,2012-03-09,0.2025187,0
69848,2012-03-09,0.36048114,1
69849,2012-03-09,0.34136957,0
69850,2012-03-09,0.057100426,0
69851,2012-03-09,0.39555472,1
69852,2012-03-09,0.69744855,1
69853,2012-03-09,0.13420665,1
69854,2012-03-09,0.4740529,1
69855,2012-03-09,0.508177,1
69856,2012-03-09,0.737413,1
69857,2012-03-09,0.25808817,1
69858,2012-03-09,0.3455558,0
69859,2012-03-09,0.43963388,0
69860,2012-03-09,0.3333555,1
69861,2012-03-09,0.1531264,1
69862,2012-03-09,0.025633415,0
69863,2012-03-09,0.3840837,0
69864,2012-03-09,0.35925227,1
69865,2012-03-09,0.64269656,1
69866,2012-03-09,0.24077688,1
69867,2012-03-09,0.42432243,1
69868,2012-03-09,0.34875152,0
69869,2012-03-09,0.03685564,0
69870,2012-03-09,0.38070095,1
69871,2012-03-09,0.25186148,1
69872,2012-03-09,0.22064614,0
69873,2012-03-09,0.11890523,0
69874,2012-03-09,0.4197408,0
69875,2012-03-09,0.07360998,0
69876,2012-03-09,0.20464472,0
69877,2012-03-09,0.58669424,0
69878,2012-03-09,0.22430143,0
69879,2012-03-09,0.29244462,0
69880,2012-03-09,0.21906798,1
69881,2012-03-09,0.28354537,0
69882,2012-03-09,0.6096474,1
69883,2012-03-09,0.2726383,1
69884,2012-03-09,0.08757464,1
69885,2012-03-09,0.3516157,0
69886,2012-03-09,0.16795841,1
69887,2012-03-09,0.024867693,0
69888,2012-03-09,0.11431846,0
69889,2012-03-09,0.15879336,0
69890,2012-03-09,0.5394459,0
69891,2012-03-09,0.29450712,0
69892,2012-03-09,0.15060121,0
69893,2012-03-09,0.17753085,1
69894,2012-03-09,0.11002784,0
69895,2012-03-09,0.29558408,1
69896,2012-03-09,0.23540257,1
69897,2012-03-09,0.10639857,0
69898,2012-03-09,0.16487484,1
69899,2012-03-09,0.1896152,1
69900,2012-03-09,0.28243247,0
69901,2012-03-09,0.16064402,0
69902,2012-03-09,0.20659435,0
69903,2012-03-09,0.26745737,0
69904,2012-03-09,0.19314787,0
69905,2012-03-09,0.33197173,0
69906,2012-03-09,0.5409758,1
69907,2012-03-09,0.62385076,0
69908,2012-03-09,0.82582074,0
69909,2012-03-09,0.59087926,0
69910,2012-03-09,0.029531458,1
69911,2012-03-09,0.14445283,1
69912,2012-03-09,0.1313618,1
69913,2012-03-09,0.27232158,0
69914,2012-03-09,0.062459383,0
69915,2012-03-09,0.20016661,0
69916,2012-03-09,0.18564619,1
69917,2012-03-09,0.09918477,1
69918,2012-03-09,0.37515417,0
69919,2012-03-09,0.7490013,0
69920,2012-03-09,0.3691543,1
69921,2012-03-09,0.37554303,0
69922,2012-03-09,0.44630218,1
69923,2012-03-09,0.37198433,0
69924,2012-03-09,0.8047208,0
69925,2012-03-09,0.48162603,0
69926,2012-03-09,0.14550133,0
69927,2012-03-09,0.38508025,0
69928,2012-03-09,0.089051105,0
69929,2012-03-09,0.686642,1
69930,2012-03-09,0.15462339,1
69931,2012-03-09,0.36393017,0
69932,2012-03-09,0.14422438,1
69933,2012-03-09,0.81388485,0
69934,2012-03-09,0.5848013,1
69935,2012-03-09,0.67505354,1
69936,2012-03-09,0.19421527,1
69937,2012-03-09,0.9209169,0
69938,2012-03-09,0.4859594,0
69939,2012-03-09,0.019523058,1
69940,2012-03-09,0.100615874,0
69941,2012-03-09,0.3537707,1
69942,2012-03-09,0.5848919,1
69943,2012-03-09,0.06037062,0
69944,2012-03-09,0.60376555,1
69945,2012-03-09,0.27985004,0
69946,2012-03-09,0.5212109,1
69947,2012-03-09,0.1406735,0
69948,2012-03-09,0.26928568,1
69949,2012-03-09,0.72454333,1
69950,2012-03-09,0.28544337,0
69951,2012-03-09,0.32250008,1
69952,2012-03-09,0.24718729,0
69953,2012-03-09,0.27442962,1
69954,2012-03-09,0.24172595,0
69955,2012-03-09,0.5528979,0
69956,2012-03-09,0.115152776,0
69957,2012-03-09,0.21534845,1
69958,2012-03-09,0.62267834,1
69959,2012-03-09,0.7862721,1
69960,2012-03-09,0.13022557,0
69961,2012-03-09,0.8313512,0
69962,2012-03-09,0.35607162,0
69963,2012-03-09,0.26170287,0
69964,2012-03-09,0.25414446,0
69965,2012-03-09,0.404832,1
69966,2012-03-09,0.4542602,1
69967,2012-03-09,0.64835817,1
69968,2012-03-09,0.1851588,0
69969,2012-03-09,0.71845466,1
69970,2012-03-09,0.35253048,1
69971,2012-03-09,0.2875937,0
69972,2012-03-09,0.13939525,0
69973,2012-03-09,0.108473904,0
69974,2012-03-09,0.27874154,1
69975,2012-03-09,0.42820972,0
69976,2012-03-09,0.73316765,1
69977,2012-03-09,0.19470812,0
69978,2012-03-09,0.1839764,0
69979,2012-03-09,0.102213025,0
69980,2012-03-09,0.20084853,0
69981,2012-03-09,0.38168114,0
69982,2012-03-09,0.74363524,1
69983,2012-03-09,0.23216264,0
69984,2012-03-09,0.09343075,0
69985,2012-03-09,0.25086847,1
69986,2012-03-09,0.72189337,1
69987,2012-03-09,0.42452934,0
69988,2012-03-09,0.15550555,0
69989,2012-03-09,0.8715074,1
69990,2012-03-09,0.4988645,1
69991,2012-03-09,0.20642158,1
69992,2012-03-10,0.40914053,0
69993,2012-03-10,0.40142784,1
69994,2012-03-10,0.15762219,1
69995,2012-03-10,0.22956671,0
69996,2012-03-10,0.24060288,0
69997,2012-03-10,0.28648266,1
69998,2012-03-10,0.19280957,0
69999,2012-03-10,0.20731646,0
70000,2012-03-10,0.03253711,0
70001,2012-03-10,0.29667175,1
70002,2012-03-10,0.9142737,0
70003,2012-03-10,0.6650443,0
70004,2012-03-10,0.5052322,1
70005,2012-03-10,0.15591775,1
70006,2012-03-10,0.26616153,0
70007,2012-03-10,0.19779813,0
70008,2012-03-10,0.54070425,0
70009,2012-03-10,0.7522558,1
70010,2012-03-10,0.19816944,1
70011,2012-03-10,0.2320686,0
70012,2012-03-10,0.12201061,0
70013,2012-03-10,0.10502639,0
70014,2012-03-10,0.5333801,0
70015,2012-03-10,0.5918629,1
70016,2012-03-10,0.2553462,0
70017,2012-03-10,0.2450623,0
70018,2012-03-10,0.39704245,1
70019,2012-03-10,0.30308396,1
70020,2012-03-10,0.314421,0
70021,2012-03-10,0.12442798,0
70022,2012-03-10,0.6781425,1
70023,2012-03-10,0.3531945,0
70024,2012-03-10,0.29258642,1
70025,2012-03-10,0.06950783,0
70026,2012-03-10,0.08759857,0
70027,2012-03-10,0.5812989,1
70028,2012-03-10,0.5931526,0
70029,2012-03-10,0.1530217,0
70030,2012-03-10,0.34801623,0
70031,2012-03-10,0.42302474,1
70032,2012-03-10,0.593218,0
70033,2012-03-10,0.38665625,1
70034,2012-03-10,0.48598918,0
70035,2012-03-10,0.2130383,0
70036,2012-03-10,0.39599493,1
70037,2012-03-10,0.19226043,1
70038,2012-03-10,0.44923922,0
70039,2012-03-10,0.06279323,0
70040,2012-03-10,0.14933777,1
70041,2012-03-10,0.39043236,0
70042,2012-03-10,0.43130687,0
70043,2012-03-10,0.14136441,1
70044,2012-03-10,0.5678226,0
70045,2012-03-10,0.49452052,0
70046,2012-03-10,0.6820854,0
70047,2012-03-10,0.5672951,1
70048,2012-03-10,0.34411645,0
70049,2012-03-10,0.75901306,1
70050,2012-03-10,0.27092907,0
70051,2012-03-10,0.51767385,0
70052,2012-03-10,0.068527855,0
70053,2012-03-10,0.5489072,0
70054,2012-03-10,0.15695938,0
70055,2012-03-10,0.21234791,1
70056,2012-03-10,0.28144455,1
70057,2012-03-10,0.17608802,1
70058,2012-03-10,0.6539391,0
70059,2012-03-10,0.13860737,1
70060,2012-03-10,0.76336646,1
70061,2012-03-10,0.8254535,1
70062,2012-03-10,0.373231,1
70063,2012-03-10,0.2082508,1
70064,2012-03-10,0.38745958,0
70065,2012-03-10,0.120289356,0
70066,2012-03-10,0.27107346,0
70067,2012-03-10,0.6092971,1
70068,2012-03-10,0.44298652,0
70069,2012-03-10,0.55646276,1
70070,2012-03-10,0.7842405,1
70071,2012-03-10,0.29452926,0
70072,2012-03-10,0.05006457,0
70073,2012-03-10,0.21598679,1
70074,2012-03-10,0.35261494,1
70075,2012-03-10,0.6536781,1
70076,2012-03-10,0.35973808,0
70077,2012-03-10,0.27212512,0
70078,2012-03-10,0.63255966,1
70079,2012-03-10,0.61897206,0
70080,2012-03-10,0.22372605,0
70081,2012-03-10,0.17219609,0
70082,2012-03-10,0.29126954,0
70083,2012-03-10,0.56426054,0
70084,2012-03-10,0.20683545,0
70085,2012-03-10,0.45871532,0
70086,2012-03-10,0.38451895,1
70087,2012-03-10,0.3102388,1
70088,2012-03-10,0.2830979,1
70089,2012-03-10,0.40881974,0
70090,2012-03-10,0.2830357,0
70091,2012-03-10,0.31018084,0
70092,2012-03-10,0.17309578,0
70093,2012-03-10,0.19363157,0
70094,2012-03-10,0.72995514,0
70095,2012-03-10,0.11741762,1
70096,2012-03-10,0.19034438,0
70097,2012-03-10,0.16289216,0
70098,2012-03-10,0.44525918,1
70099,2012-03-10,0.2329291,1
70100,2012-03-10,0.16330741,1
70101,2012-03-10,0.12009997,0
70102,2012-03-10,0.6135069,0
70103,2012-03-10,0.3256494,0
70104,2012-03-10,0.48216364,1
70105,2012-03-10,0.39292774,1
70106,2012-03-10,0.2028377,0
70107,2012-03-10,0.16826452,1
70108,2012-03-10,0.5597094,1
70109,2012-03-10,0.2844074,0
70110,2012-03-10,0.62316775,1
70111,2012-03-10,0.12771043,0
70112,2012-03-10,0.3793767,0
70113,2012-03-10,0.2905413,0
70114,2012-03-10,0.634323,0
70115,2012-03-10,0.1847743,0
70116,2012-03-10,0.23187806,0
70117,2012-03-10,0.35564497,0
70118,2012-03-10,0.45532826,1
70119,2012-03-10,0.10510243,1
70120,2012-03-10,0.17806253,0
70121,2012-03-10,0.82963717,1
70122,2012-03-10,0.054741807,0
70123,2012-03-10,0.68351036,1
70124,2012-03-10,0.5799645,1
70125,2012-03-10,0.086940885,0
70126,2012-03-10,0.14919132,0
70127,2012-03-10,0.10100656,1
70128,2012-03-10,0.65681934,0
70129,2012-03-10,0.10758661,0
70130,2012-03-10,0.24856195,0
70131,2012-03-10,0.4792293,0
70132,2012-03-10,0.23239188,0
70133,2012-03-10,0.23046416,0
70134,2012-03-10,0.39999852,0
70135,2012-03-10,0.32581934,1
70136,2012-03-10,0.35755965,1
70137,2012-03-10,0.3140881,1
70138,2012-03-10,0.09533989,0
70139,2012-03-10,0.26818588,1
70140,2012-03-10,0.14155927,1
70141,2012-03-10,0.43775234,0
70142,2012-03-10,0.0811865,0
70143,2012-03-10,0.63156384,1
70144,2012-03-10,0.40136722,0
70145,2012-03-10,0.09295715,0
70146,2012-03-10,0.4158092,0
70147,2012-03-10,0.11788791,0
70148,2012-03-10,0.3420123,0
70149,2012-03-10,0.136325,0
70150,2012-03-10,0.25258803,1
70151,2012-03-10,0.58087784,1
70152,2012-03-10,0.120627694,0
70153,2012-03-10,0.78108597,0
70154,2012-03-10,0.48298293,1
70155,2012-03-10,0.41582096,1
70156,2012-03-10,0.2891522,0
70157,2012-03-10,0.3338659,1
70158,2012-03-10,0.07520416,0
70159,2012-03-10,0.39702913,0
70160,2012-03-10,0.5350845,0
70161,2012-03-10,0.21178016,0
70162,2012-03-10,0.17526129,0
70163,2012-03-10,0.19987498,0
70164,2012-03-10,0.41578794,1
70165,2012-03-10,0.38471767,0
70166,2012-03-10,0.16572487,0
70167,2012-03-10,0.24389102,0
70168,2012-03-10,0.28040537,0
70169,2012-03-10,0.34555182,0
70170,2012-03-10,0.07118187,0
70171,2012-03-10,0.092356846,0
70172,2012-03-10,0.3734734,0
70173,2012-03-10,0.10662525,0
70174,2012-03-10,0.2663543,0
70175,2012-03-10,0.124984205,1
70176,2012-03-10,0.3713624,1
70177,2012-03-10,0.19161478,1
70178,2012-03-10,0.12983498,0
70179,2012-03-10,0.206091,1
70180,2012-03-10,0.52929413,1
70181,2012-03-10,0.3448122,1
70182,2012-03-10,0.19178794,0
70183,2012-03-10,0.11834793,0
70184,2012-03-10,0.26748958,0
70185,2012-03-10,0.18754697,0
70186,2012-03-10,0.60903955,0
70187,2012-03-10,0.23708405,0
70188,2012-03-10,0.070290186,0
70189,2012-03-10,0.25101864,0
70190,2012-03-10,0.1729359,1
70191,2012-03-10,0.160992,0
70192,2012-03-10,0.037324574,0
70193,2012-03-10,0.40975302,1
70194,2012-03-10,0.44992322,0
70195,2012-03-10,0.3775992,0
70196,2012-03-10,0.4254129,1
70197,2012-03-10,0.05396875,0
70198,2012-03-10,0.5800217,0
70199,2012-03-10,0.35028136,0
70200,2012-03-10,0.09228923,0
70201,2012-03-10,0.08826563,0
70202,2012-03-10,0.117031135,0
70203,2012-03-10,0.27594444,1
70204,2012-03-10,0.51596135,1
70205,2012-03-10,0.28100756,0
70206,2012-03-10,0.42159325,1
70207,2012-03-10,0.46870577,1
70208,2012-03-10,0.5032422,0
70209,2012-03-10,0.06324285,0
70210,2012-03-10,0.38973433,0
70211,2012-03-10,0.12751302,0
70212,2012-03-10,0.15108629,0
70213,2012-03-10,0.7926644,1
70214,2012-03-10,0.5593289,0
70215,2012-03-10,0.22135034,0
70216,2012-03-10,0.20815364,0
70217,2012-03-10,0.03817964,0
70218,2012-03-10,0.34336627,0
70219,2012-03-10,0.17928259,0
70220,2012-03-10,0.28037378,0
70221,2012-03-10,0.16991368,1
70222,2012-03-10,0.5652019,1
70223,2012-03-10,0.7193348,1
70224,2012-03-10,0.47912222,0
70225,2012-03-10,0.76029915,0
70226,2012-03-10,0.25807765,0
70227,2012-03-10,0.5820685,1
70228,2012-03-10,0.5249812,0
70229,2012-03-10,0.36587963,0
70230,2012-03-10,0.1046472,0
70231,2012-03-10,0.5910209,1
70232,2012-03-10,0.57238203,1
70233,2012-03-10,0.30827492,1
70234,2012-03-10,0.5303334,0
70235,2012-03-10,0.19050248,0
70236,2012-03-10,0.45815524,0
70237,2012-03-10,0.5132021,1
70238,2012-03-10,0.34051177,0
70239,2012-03-10,0.6156906,1
70240,2012-03-10,0.13521935,0
70241,2012-03-10,0.48597157,1
70242,2012-03-10,0.25299212,0
70243,2012-03-10,0.37665057,0
70244,2012-03-10,0.8403255,1
70245,2012-03-10,0.085311644,0
70246,2012-03-10,0.41624305,0
70247,2012-03-10,0.16183496,0
70248,2012-03-10,0.5066889,0
70249,2012-03-10,0.26639858,1
70250,2012-03-10,0.56885177,0
70251,2012-03-10,0.059328336,0
70252,2012-03-10,0.24250144,1
70253,2012-03-10,0.15456845,1
70254,2012-03-10,0.07304719,0
70255,2012-03-10,0.10489454,1
70256,2012-03-10,0.2951227,0
70257,2012-03-10,0.17781915,0
70258,2012-03-10,0.040782265,0
70259,2012-03-10,0.2186419,0
70260,2012-03-10,0.23653725,1
70261,2012-03-10,0.16589516,0
70262,2012-03-10,0.7690859,1
70263,2012-03-10,0.69401765,0
70264,2012-03-10,0.048065387,0
70265,2012-03-10,0.65143675,0
70266,2012-03-10,0.20356743,0
70267,2012-03-10,0.11837239,0
70268,2012-03-10,0.6970294,0
70269,2012-03-10,0.44987014,1
70270,2012-03-10,0.29360676,0
70271,2012-03-10,0.52370423,0
70272,2012-03-10,0.5023558,1
70273,2012-03-10,0.35863072,0
70274,2012-03-10,0.22348557,1
70275,2012-03-10,0.06459052,0
70276,2012-03-10,0.17720762,0
70277,2012-03-10,0.2850822,1
70278,2012-03-10,0.34313908,1
70279,2012-03-10,0.07552254,0
70280,2012-03-10,0.24164279,1
70281,2012-03-10,0.21853505,0
70282,2012-03-10,0.23512985,1
70283,2012-03-10,0.40714374,0
70284,2012-03-10,0.75731504,1
70285,2012-03-10,0.25705817,0
70286,2012-03-10,0.24323018,0
70287,2012-03-10,0.6428237,1
70288,2012-03-10,0.118503,0
70289,2012-03-10,0.46291292,0
70290,2012-03-10,0.38019377,0
70291,2012-03-10,0.56223834,1
70292,2012-03-10,0.333217,1
70293,2012-03-10,0.08547565,0
70294,2012-03-10,0.34938273,1
70295,2012-03-10,0.4087284,0
70296,2012-03-10,0.31308883,1
70297,2012-03-10,0.24665777,0
70298,2012-03-10,0.3595687,1
70299,2012-03-10,0.6174352,0
70300,2012-03-10,0.53813607,1
70301,2012-03-10,0.19603902,1
70302,2012-03-10,0.056291934,0
70303,2012-03-10,0.654639,0
70304,2012-03-10,0.4829533,0
70305,2012-03-10,0.05363929,0
70306,2012-03-10,0.14346263,1
70307,2012-03-10,0.28777,0
70308,2012-03-10,0.11097991,1
70309,2012-03-10,0.07922601,0
70310,2012-03-10,0.14429635,0
70311,2012-03-10,0.21356913,0
70312,2012-03-10,0.13916509,0
70313,2012-03-10,0.14461818,0
70314,2012-03-10,0.5223709,0
70315,2012-03-10,0.27916485,0
70316,2012-03-10,0.3790055,0
70317,2012-03-10,0.08918126,0
70318,2012-03-10,0.38296795,1
70319,2012-03-10,0.20840889,0
70320,2012-03-10,0.30665785,0
70321,2012-03-10,0.072254635,0
70322,2012-03-10,0.26841033,1
70323,2012-03-10,0.17540729,0
70324,2012-03-10,0.8288963,1
70325,2012-03-10,0.20233272,0
70326,2012-03-10,0.47542414,0
70327,2012-03-10,0.28027117,0
70328,2012-03-10,0.16605537,0
70329,2012-03-10,0.22409277,1
70330,2012-03-10,0.41965804,0
70331,2012-03-10,0.09218498,0
70332,2012-03-10,0.48060873,0
70333,2012-03-10,0.13584206,0
70334,2012-03-10,0.15921818,0
70335,2012-03-10,0.76722753,0
70336,2012-03-10,0.6845028,1
70337,2012-03-10,0.20961373,1
70338,2012-03-10,0.8125276,1
70339,2012-03-10,0.092860475,0
70340,2012-03-10,0.19779813,0
70341,2012-03-10,0.5060514,0
70342,2012-03-10,0.13539286,0
70343,2012-03-10,0.2359107,0
70344,2012-03-10,0.0470913,0
70345,2012-03-10,0.50907195,1
70346,2012-03-10,0.15963337,0
70347,2012-03-10,0.065468,1
70348,2012-03-10,0.070128396,1
70349,2012-03-10,0.9110275,0
70350,2012-03-10,0.12743297,0
70351,2012-03-10,0.119139254,1
70352,2012-03-10,0.35745353,0
70353,2012-03-10,0.37118194,1
70354,2012-03-10,0.08873134,0
70355,2012-03-10,0.24693759,0
70356,2012-03-10,0.49683714,1
70357,2012-03-10,0.4015275,1
70358,2012-03-10,0.009194224,0
70359,2012-03-10,0.44374162,1
70360,2012-03-10,0.19805838,1
70361,2012-03-10,0.053852487,1
70362,2012-03-10,0.32475153,0
70363,2012-03-10,0.38321358,0
70364,2012-03-10,0.36141953,1
70365,2012-03-10,0.26453757,1
70366,2012-03-10,0.15534261,0
70367,2012-03-10,0.18334493,0
70368,2012-03-10,0.23688447,1
70369,2012-03-10,0.5351171,1
70370,2012-03-10,0.12214818,0
70371,2012-03-10,0.19484583,1
70372,2012-03-10,0.10226817,0
70373,2012-03-10,0.14278153,0
70374,2012-03-10,0.6170671,0
70375,2012-03-10,0.55735576,0
70376,2012-03-10,0.25162703,1
70377,2012-03-10,0.3894296,0
70378,2012-03-10,0.44020158,1
70379,2012-03-10,0.24050416,1
70380,2012-03-10,0.698378,0
70381,2012-03-10,0.5282159,0
70382,2012-03-10,0.35965568,0
70383,2012-03-10,0.6147528,0
70384,2012-03-10,0.7106279,0
70385,2012-03-10,0.52939117,0
70386,2012-03-10,0.04530906,0
70387,2012-03-10,0.37219414,1
70388,2012-03-10,0.52884305,0
70389,2012-03-10,0.23627746,0
70390,2012-03-10,0.14193709,0
70391,2012-03-10,0.45441377,0
70392,2012-03-10,0.2105343,0
70393,2012-03-10,0.53102326,0
70394,2012-03-10,0.031019846,0
70395,2012-03-10,0.035363764,0
70396,2012-03-10,0.03843057,0
70397,2012-03-10,0.6480995,0
70398,2012-03-10,0.7060933,1
70399,2012-03-10,0.16655132,0
70400,2012-03-10,0.311258,0
70401,2012-03-10,0.44146898,1
70402,2012-03-10,0.08597623,0
70403,2012-03-10,0.52308965,0
70404,2012-03-10,0.5341934,0
70405,2012-03-10,0.5216171,1
70406,2012-03-10,0.43210867,0
70407,2012-03-10,0.30520862,0
70408,2012-03-10,0.49256566,0
70409,2012-03-10,0.6492938,0
70410,2012-03-10,0.18239427,1
70411,2012-03-10,0.31949237,0
70412,2012-03-10,0.36288863,0
70413,2012-03-10,0.2890373,0
70414,2012-03-10,0.19050336,0
70415,2012-03-10,0.69408554,0
70416,2012-03-10,0.22847013,0
70417,2012-03-10,0.063769065,0
70418,2012-03-10,0.16351117,0
70419,2012-03-10,0.45970023,0
70420,2012-03-10,0.5348887,1
70421,2012-03-10,0.59610057,0
70422,2012-03-10,0.6115903,0
70423,2012-03-10,0.8205797,1
70424,2012-03-10,0.105462365,0
70425,2012-03-10,0.036114257,0
70426,2012-03-10,0.13548374,0
70427,2012-03-10,0.17080669,0
70428,2012-03-10,0.22938478,1
70429,2012-03-10,0.34306177,1
70430,2012-03-10,0.39137813,1
70431,2012-03-10,0.6070086,1
70432,2012-03-10,0.29944405,0
70433,2012-03-10,0.22494103,0
70434,2012-03-10,0.21346614,0
70435,2012-03-10,0.5337636,1
70436,2012-03-10,0.247153,0
70437,2012-03-10,0.53999835,1
70438,2012-03-10,0.48225683,0
70439,2012-03-10,0.33808494,0
70440,2012-03-10,0.40856367,1
70441,2012-03-10,0.1826366,0
70442,2012-03-10,0.10574615,1
70443,2012-03-10,0.50316626,0
70444,2012-03-10,0.20510598,1
70445,2012-03-10,0.42947602,1
70446,2012-03-10,0.18474518,0
70447,2012-03-10,0.18595904,0
70448,2012-03-10,0.07883611,0
70449,2012-03-10,0.13138026,0
70450,2012-03-10,0.56647265,1
70451,2012-03-10,0.22166826,0
70452,2012-03-10,0.10111807,0
70453,2012-03-10,0.32018328,0
70454,2012-03-10,0.20047276,1
70455,2012-03-10,0.594395,1
70456,2012-03-10,0.19145499,0
70457,2012-03-10,0.29937533,0
70458,2012-03-10,0.27950513,0
70459,2012-03-10,0.24275841,0
70460,2012-03-10,0.22464263,1
70461,2012-03-10,0.5905525,1
70462,2012-03-10,0.6453332,0
70463,2012-03-10,0.81751084,1
70464,2012-03-10,0.3448138,0
70465,2012-03-10,0.29026923,0
70466,2012-03-10,0.308399,0
70467,2012-03-10,0.3591898,0
70468,2012-03-10,0.6277348,0
70469,2012-03-10,0.18902652,0
70470,2012-03-10,0.09732937,0
70471,2012-03-10,0.44571465,0
70472,2012-03-10,0.16721885,0
70473,2012-03-10,0.68394125,0
70474,2012-03-10,0.14910004,0
70475,2012-03-10,0.21235898,1
70476,2012-03-10,0.5600058,1
70477,2012-03-10,0.12863177,0
70478,2012-03-10,0.34528294,1
70479,2012-03-10,0.53185177,0
70480,2012-03-10,0.12504022,0
70481,2012-03-10,0.2827749,0
70482,2012-03-10,0.18600637,0
70483,2012-03-10,0.48574567,1
70484,2012-03-10,0.14740358,0
70485,2012-03-10,0.28847432,0
70486,2012-03-10,0.40428054,0
70487,2012-03-10,0.5449984,1
70488,2012-03-10,0.13444717,0
70489,2012-03-10,0.47630048,0
70490,2012-03-10,0.2515222,0
70491,2012-03-10,0.24412407,0
70492,2012-03-10,0.28099132,0
70493,2012-03-10,0.3583568,0
70494,2012-03-10,0.083112374,1
70495,2012-03-10,0.062042158,0
70496,2012-03-10,0.13764098,0
70497,2012-03-10,0.06218772,1
70498,2012-03-10,0.048398018,0
70499,2012-03-10,0.81138253,0
70500,2012-03-10,0.37826014,0
70501,2012-03-10,0.43055412,1
70502,2012-03-10,0.13620742,0
70503,2012-03-10,0.5660288,1
70504,2012-03-10,0.31904367,0
70505,2012-03-10,0.40404207,0
70506,2012-03-10,0.7325195,0
70507,2012-03-10,0.122665994,0
70508,2012-03-10,0.27888012,0
70509,2012-03-10,0.2258234,0
70510,2012-03-10,0.026583703,0
70511,2012-03-10,0.27085716,1
70512,2012-03-10,0.36654383,0
70513,2012-03-10,0.54925996,1
70514,2012-03-10,0.32647857,1
70515,2012-03-10,0.35816124,1
70516,2012-03-10,0.45507866,1
70517,2012-03-10,0.08963205,0
70518,2012-03-10,0.2549159,0
70519,2012-03-10,0.037856206,0
70520,2012-03-10,0.5060979,0
70521,2012-03-10,0.09792084,0
70522,2012-03-10,0.6898639,0
70523,2012-03-10,0.13572593,1
70524,2012-03-10,0.4075211,0
70525,2012-03-10,0.6978862,0
70526,2012-03-10,0.4008849,1
70527,2012-03-10,0.8601457,0
70528,2012-03-10,0.23297444,1
70529,2012-03-10,0.33405107,0
70530,2012-03-10,0.26269695,0
70531,2012-03-10,0.41481575,0
70532,2012-03-10,0.53177416,0
70533,2012-03-10,0.30836433,1
70534,2012-03-10,0.18566893,1
70535,2012-03-10,0.23839253,1
70536,2012-03-10,0.22078738,0
70537,2012-03-10,0.16189983,0
70538,2012-03-10,0.17548786,0
70539,2012-03-10,0.038280882,1
70540,2012-03-10,0.26105657,0
70541,2012-03-10,0.19531108,0
70542,2012-03-10,0.567312,0
70543,2012-03-10,0.35460326,1
70544,2012-03-10,0.12881668,0
70545,2012-03-10,0.093238495,0
70546,2012-03-10,0.10652392,1
70547,2012-03-10,0.056243584,0
70548,2012-03-10,0.07769616,1
70549,2012-03-10,0.57510525,0
70550,2012-03-10,0.2520968,1
70551,2012-03-10,0.32618278,1
70552,2012-03-10,0.5795929,1
70553,2012-03-10,0.4292718,0
70554,2012-03-10,0.16662405,0
70555,2012-03-10,0.5071148,0
70556,2012-03-10,0.12921637,1
70557,2012-03-10,0.13864608,0
70558,2012-03-10,0.4256819,0
70559,2012-03-10,0.5423019,0
70560,2012-03-10,0.16903645,1
70561,2012-03-10,0.49864832,1
70562,2012-03-10,0.22275099,0
70563,2012-03-10,0.11584531,1
70564,2012-03-10,0.122454636,0
70565,2012-03-10,0.3015809,0
70566,2012-03-10,0.25200948,0
70567,2012-03-10,0.28249422,1
70568,2012-03-10,0.4558726,0
70569,2012-03-10,0.17463936,1
70570,2012-03-10,0.11352774,0
70571,2012-03-10,0.5859256,1
70572,2012-03-10,0.02329851,0
70573,2012-03-10,0.56532866,0
70574,2012-03-10,0.31999147,0
70575,2012-03-10,0.15523915,0
70576,2012-03-10,0.09889828,0
70577,2012-03-10,0.6389419,0
70578,2012-03-10,0.39109966,1
70579,2012-03-10,0.53868973,0
70580,2012-03-10,0.07084944,1
70581,2012-03-10,0.082134195,1
70582,2012-03-10,0.7000272,1
70583,2012-03-10,0.61849636,1
70584,2012-03-10,0.6031933,1
70585,2012-03-10,0.26730326,0
70586,2012-03-10,0.42541248,1
70587,2012-03-10,0.7990703,0
70588,2012-03-10,0.13306573,0
70589,2012-03-10,0.4866604,1
70590,2012-03-10,0.56816894,1
70591,2012-03-10,0.538171,1
70592,2012-03-11,0.10629459,0
70593,2012-03-11,0.3753913,0
70594,2012-03-11,0.5990568,0
70595,2012-03-11,0.3889389,0
70596,2012-03-11,0.15950142,0
70597,2012-03-11,0.21667469,1
70598,2012-03-11,0.21688731,0
70599,2012-03-11,0.021982785,0
70600,2012-03-11,0.19346525,0
70601,2012-03-11,0.1664831,0
70602,2012-03-11,0.5233416,0
70603,2012-03-11,0.27776405,0
70604,2012-03-11,0.08774631,0
70605,2012-03-11,0.2984611,0
70606,2012-03-11,0.52317697,0
70607,2012-03-11,0.40301016,0
70608,2012-03-11,0.3316905,0
70609,2012-03-11,0.3177869,0
70610,2012-03-11,0.55427986,1
70611,2012-03-11,0.8873523,1
70612,2012-03-11,0.32095268,1
70613,2012-03-11,0.4524924,1
70614,2012-03-11,0.12844071,0
70615,2012-03-11,0.2423243,1
70616,2012-03-11,0.08144419,1
70617,2012-03-11,0.78448683,0
70618,2012-03-11,0.14502391,0
70619,2012-03-11,0.33597124,0
70620,2012-03-11,0.4315694,0
70621,2012-03-11,0.20713934,1
70622,2012-03-11,0.21667929,0
70623,2012-03-11,0.4086013,0
70624,2012-03-11,0.19655457,1
70625,2012-03-11,0.05483306,0
70626,2012-03-11,0.1463623,0
70627,2012-03-11,0.5020487,1
70628,2012-03-11,0.3739711,0
70629,2012-03-11,0.07837002,1
70630,2012-03-11,0.374196,1
70631,2012-03-11,0.011421811,0
70632,2012-03-11,0.30704233,0
70633,2012-03-11,0.047177374,0
70634,2012-03-11,0.4249022,1
70635,2012-03-11,0.8210984,0
70636,2012-03-11,0.25720188,1
70637,2012-03-11,0.78902763,1
70638,2012-03-11,0.8329154,1
70639,2012-03-11,0.2093761,1
70640,2012-03-11,0.090654105,0
70641,2012-03-11,0.24047528,0
70642,2012-03-11,0.38722712,0
70643,2012-03-11,0.16916142,0
70644,2012-03-11,0.21914235,0
70645,2012-03-11,0.55440897,1
70646,2012-03-11,0.36977315,0
70647,2012-03-11,0.45804897,0
70648,2012-03-11,0.7545928,1
70649,2012-03-11,0.37643057,0
70650,2012-03-11,0.52128255,1
70651,2012-03-11,0.5237206,1
70652,2012-03-11,0.019645482,0
70653,2012-03-11,0.42359355,0
70654,2012-03-11,0.608179,0
70655,2012-03-11,0.48989034,0
70656,2012-03-11,0.21418153,0
70657,2012-03-11,0.18421711,0
70658,2012-03-11,0.08956473,0
70659,2012-03-11,0.3889389,0
70660,2012-03-11,0.29340637,0
70661,2012-03-11,0.5931873,0
70662,2012-03-11,0.42000404,1
70663,2012-03-11,0.18186273,0
70664,2012-03-11,0.56791013,1
70665,2012-03-11,0.17523804,0
70666,2012-03-11,0.44132257,0
70667,2012-03-11,0.6194679,1
70668,2012-03-11,0.8260382,0
70669,2012-03-11,0.26156834,0
70670,2012-03-11,0.20079537,0
70671,2012-03-11,0.078765415,1
70672,2012-03-11,0.16409265,0
70673,2012-03-11,0.24989001,0
70674,2012-03-11,0.4804998,1
70675,2012-03-11,0.17122047,0
70676,2012-03-11,0.1394254,0
70677,2012-03-11,0.5654491,1
70678,2012-03-11,0.13916862,0
70679,2012-03-11,0.13375115,1
70680,2012-03-11,0.117403686,0
70681,2012-03-11,0.06413085,0
70682,2012-03-11,0.47778675,1
70683,2012-03-11,0.16236404,1
70684,2012-03-11,0.036101155,0
70685,2012-03-11,0.23193021,0
70686,2012-03-11,0.44065315,0
70687,2012-03-11,0.15697579,0
70688,2012-03-11,0.28824988,1
70689,2012-03-11,0.020565707,0
70690,2012-03-11,0.372175,1
70691,2012-03-11,0.07347896,1
70692,2012-03-11,0.21300742,0
70693,2012-03-11,0.4664898,1
70694,2012-03-11,0.48518106,0
70695,2012-03-11,0.17950366,0
70696,2012-03-11,0.3667872,0
70697,2012-03-11,0.114307314,0
70698,2012-03-11,0.16401465,0
70699,2012-03-11,0.41971296,0
70700,2012-03-11,0.45084065,0
70701,2012-03-11,0.1910237,0
70702,2012-03-11,0.6384558,0
70703,2012-03-11,0.38815755,1
70704,2012-03-11,0.07925343,0
70705,2012-03-11,0.49461108,0
70706,2012-03-11,0.12952298,0
70707,2012-03-11,0.47593853,1
70708,2012-03-11,0.2569456,0
70709,2012-03-11,0.547358,1
70710,2012-03-11,0.28654224,0
70711,2012-03-11,0.6240223,1
70712,2012-03-11,0.2621447,0
70713,2012-03-11,0.011897233,0
70714,2012-03-11,0.3095574,1
70715,2012-03-11,0.32584935,0
70716,2012-03-11,0.100993164,0
70717,2012-03-11,0.57664245,0
70718,2012-03-11,0.099276684,1
70719,2012-03-11,0.4783487,1
70720,2012-03-11,0.34200135,0
70721,2012-03-11,0.09591081,0
70722,2012-03-11,0.3651166,0
70723,2012-03-11,0.27623984,0
70724,2012-03-11,0.4296593,1
70725,2012-03-11,0.7096367,1
70726,2012-03-11,0.19436985,0
70727,2012-03-11,0.8203453,0
70728,2012-03-11,0.5244063,1
70729,2012-03-11,0.09644743,0
70730,2012-03-11,0.2960638,0
70731,2012-03-11,0.17920901,0
70732,2012-03-11,0.37897182,0
70733,2012-03-11,0.4012517,0
70734,2012-03-11,0.087530494,0
70735,2012-03-11,0.49310768,0
70736,2012-03-11,0.6177273,1
70737,2012-03-11,0.59112775,1
70738,2012-03-11,0.060728095,1
70739,2012-03-11,0.36807948,1
70740,2012-03-11,0.36051583,1
70741,2012-03-11,0.385994,1
70742,2012-03-11,0.035980273,0
70743,2012-03-11,0.6362195,0
70744,2012-03-11,0.4452914,1
70745,2012-03-11,0.19192627,1
70746,2012-03-11,0.32920155,0
70747,2012-03-11,0.08434437,0
70748,2012-03-11,0.08519614,0
70749,2012-03-11,0.095665425,0
70750,2012-03-11,0.52576625,1
70751,2012-03-11,0.63148713,0
70752,2012-03-11,0.30670193,0
70753,2012-03-11,0.27208352,0
70754,2012-03-11,0.27413008,0
70755,2012-03-11,0.14765015,1
70756,2012-03-11,0.4339199,1
70757,2012-03-11,0.15012328,0
70758,2012-03-11,0.038496237,0
70759,2012-03-11,0.32837418,0
70760,2012-03-11,0.07520416,1
70761,2012-03-11,0.42363122,0
70762,2012-03-11,0.106823646,0
70763,2012-03-11,0.28268477,0
70764,2012-03-11,0.5153715,0
70765,2012-03-11,0.1746108,0
70766,2012-03-11,0.16765726,0
70767,2012-03-11,0.53822654,0
70768,2012-03-11,0.16831936,0
70769,2012-03-11,0.21481124,1
70770,2012-03-11,0.07001905,1
70771,2012-03-11,0.76994544,1
70772,2012-03-11,0.1354477,0
70773,2012-03-11,0.4737666,0
70774,2012-03-11,0.4325727,1
70775,2012-03-11,0.6350086,0
70776,2012-03-11,0.18722384,0
70777,2012-03-11,0.20176087,1
70778,2012-03-11,0.5557354,1
70779,2012-03-11,0.52045447,1
70780,2012-03-11,0.2081313,0
70781,2012-03-11,0.32529303,0
70782,2012-03-11,0.47739536,1
70783,2012-03-11,0.62951773,0
70784,2012-03-11,0.7235183,0
70785,2012-03-11,0.41856363,1
70786,2012-03-11,0.47527805,1
70787,2012-03-11,0.055655617,0
70788,2012-03-11,0.84411514,0
70789,2012-03-11,0.14741795,0
70790,2012-03-11,0.13189904,0
70791,2012-03-11,0.8329169,0
70792,2012-03-11,0.53057694,0
70793,2012-03-11,0.7111039,1
70794,2012-03-11,0.4633485,1
70795,2012-03-11,0.3760652,0
70796,2012-03-11,0.23490947,0
70797,2012-03-11,0.32823732,0
70798,2012-03-11,0.17166294,0
70799,2012-03-11,0.15573835,0
70800,2012-03-11,0.8806383,1
70801,2012-03-11,0.0969464,0
70802,2012-03-11,0.35829467,0
70803,2012-03-11,0.09647994,0
70804,2012-03-11,0.15394312,0
70805,2012-03-11,0.6222447,0
70806,2012-03-11,0.39109823,1
70807,2012-03-11,0.46633378,1
70808,2012-03-11,0.53388155,1
70809,2012-03-11,0.123248234,0
70810,2012-03-11,0.094011575,1
70811,2012-03-11,0.24597178,0
70812,2012-03-11,0.16859314,0
70813,2012-03-11,0.80628043,1
70814,2012-03-11,0.4125694,0
70815,2012-03-11,0.44828197,0
70816,2012-03-11,0.5596765,1
70817,2012-03-11,0.05192813,0
70818,2012-03-11,0.85032696,1
70819,2012-03-11,0.43256566,1
70820,2012-03-11,0.77288824,1
70821,2012-03-11,0.21706888,0
70822,2012-03-11,0.34810415,0
70823,2012-03-11,0.21716689,0
70824,2012-03-11,0.13144356,0
70825,2012-03-11,0.31480047,1
70826,2012-03-11,0.28028092,0
70827,2012-03-11,0.055862375,1
70828,2012-03-11,0.8484184,1
70829,2012-03-11,0.65143096,1
70830,2012-03-11,0.1138196,0
70831,2012-03-11,0.05669182,0
70832,2012-03-11,0.4438133,0
70833,2012-03-11,0.5423635,0
70834,2012-03-11,0.6429802,0
70835,2012-03-11,0.45315084,0
70836,2012-03-11,0.38994938,0
70837,2012-03-11,0.39683905,0
70838,2012-03-11,0.12306947,0
70839,2012-03-11,0.56723815,0
70840,2012-03-11,0.33597112,0
70841,2012-03-11,0.2578843,0
70842,2012-03-11,0.19142696,0
70843,2012-03-11,0.27036753,0
70844,2012-03-11,0.19319257,0
70845,2012-03-11,0.6692955,1
70846,2012-03-11,0.3371901,0
70847,2012-03-11,0.43704733,0
70848,2012-03-11,0.063766755,0
70849,2012-03-11,0.23183596,0
70850,2012-03-11,0.2463969,1
70851,2012-03-11,0.1336369,0
70852,2012-03-11,0.45055628,1
70853,2012-03-11,0.79224366,1
70854,2012-03-11,0.35556984,0
70855,2012-03-11,0.70043653,0
70856,2012-03-11,0.13535625,0
70857,2012-03-11,0.31103614,0
70858,2012-03-11,0.043187995,0
70859,2012-03-11,0.22235389,1
70860,2012-03-11,0.34245914,0
70861,2012-03-11,0.56694394,0
70862,2012-03-11,0.6408894,1
70863,2012-03-11,0.2374483,0
70864,2012-03-11,0.6824168,0
70865,2012-03-11,0.04905178,1
70866,2012-03-11,0.28308046,1
70867,2012-03-11,0.88112724,1
70868,2012-03-11,0.2325798,1
70869,2012-03-11,0.27535665,0
70870,2012-03-11,0.7177172,1
70871,2012-03-11,0.3459379,1
70872,2012-03-11,0.892009,1
70873,2012-03-11,0.23331013,0
70874,2012-03-11,0.11319084,1
70875,2012-03-11,0.17687672,0
70876,2012-03-11,0.34046263,0
70877,2012-03-11,0.20360343,0
70878,2012-03-11,0.17962332,1
70879,2012-03-11,0.1664874,1
70880,2012-03-11,0.6074199,1
70881,2012-03-11,0.2864439,0
70882,2012-03-11,0.20620708,1
70883,2012-03-11,0.6089916,0
70884,2012-03-11,0.5600767,0
70885,2012-03-11,0.2748968,0
70886,2012-03-11,0.14113009,1
70887,2012-03-11,0.545655,0
70888,2012-03-11,0.37260905,0
70889,2012-03-11,0.58698064,0
70890,2012-03-11,0.09262147,1
70891,2012-03-11,0.52835786,0
70892,2012-03-11,0.5329144,1
70893,2012-03-11,0.7149669,1
70894,2012-03-11,0.4340819,1
70895,2012-03-11,0.11720396,1
70896,2012-03-11,0.38094994,0
70897,2012-03-11,0.4479577,1
70898,2012-03-11,0.07375987,0
70899,2012-03-11,0.57064474,0
70900,2012-03-11,0.5718226,1
70901,2012-03-11,0.4365472,1
70902,2012-03-11,0.17628703,0
70903,2012-03-11,0.17338507,0
70904,2012-03-11,0.34070116,0
70905,2012-03-11,0.30210033,0
70906,2012-03-11,0.3806398,0
70907,2012-03-11,0.08291989,0
70908,2012-03-11,0.7698293,0
70909,2012-03-11,0.42856658,1
70910,2012-03-11,0.20397091,0
70911,2012-03-11,0.50008696,0
70912,2012-03-11,0.16302454,0
70913,2012-03-11,0.15109617,0
70914,2012-03-11,0.04655149,0
70915,2012-03-11,0.54778826,0
70916,2012-03-11,0.53453225,1
70917,2012-03-11,0.181312,0
70918,2012-03-11,0.7187522,0
70919,2012-03-11,0.2242766,1
70920,2012-03-11,0.3170572,1
70921,2012-03-11,0.35924277,0
70922,2012-03-11,0.4793235,1
70923,2012-03-11,0.70354533,0
70924,2012-03-11,0.22345619,0
70925,2012-03-11,0.43548363,1
70926,2012-03-11,0.12442367,1
70927,2012-03-11,0.7609143,0
70928,2012-03-11,0.07932552,0
70929,2012-03-11,0.16066672,0
70930,2012-03-11,0.19283184,1
70931,2012-03-11,0.024344366,0
70932,2012-03-11,0.58942664,0
70933,2012-03-11,0.83815783,0
70934,2012-03-11,0.05920714,0
70935,2012-03-11,0.364612,1
70936,2012-03-11,0.7849326,1
70937,2012-03-11,0.35093832,1
70938,2012-03-11,0.71288514,0
70939,2012-03-11,0.47431684,0
70940,2012-03-11,0.6757226,0
70941,2012-03-11,0.23702165,0
70942,2012-03-11,0.29461512,0
70943,2012-03-11,0.17435926,0
70944,2012-03-11,0.5114736,0
70945,2012-03-11,0.0665046,0
70946,2012-03-11,0.70879793,0
70947,2012-03-11,0.20504826,1
70948,2012-03-11,0.68829286,1
70949,2012-03-11,0.41837442,0
70950,2012-03-11,0.21690515,0
70951,2012-03-11,0.34094822,1
70952,2012-03-11,0.5032652,1
70953,2012-03-11,0.18457851,0
70954,2012-03-11,0.3335483,0
70955,2012-03-11,0.3831495,0
70956,2012-03-11,0.68815774,1
70957,2012-03-11,0.23183596,0
70958,2012-03-11,0.18023604,0
70959,2012-03-11,0.47848108,1
70960,2012-03-11,0.41192076,1
70961,2012-03-11,0.048045546,0
70962,2012-03-11,0.37347957,0
70963,2012-03-11,0.2356943,1
70964,2012-03-11,0.25510898,0
70965,2012-03-11,0.39459884,0
70966,2012-03-11,0.3421475,0
70967,2012-03-11,0.061072957,0
70968,2012-03-11,0.63560873,1
70969,2012-03-11,0.6581759,0
70970,2012-03-11,0.3218279,0
70971,2012-03-11,0.30400726,1
70972,2012-03-11,0.18345022,0
70973,2012-03-11,0.08796075,0
70974,2012-03-11,0.43862993,0
70975,2012-03-11,0.35535482,0
70976,2012-03-11,0.03621404,0
70977,2012-03-11,0.28267017,0
70978,2012-03-11,0.49231458,1
70979,2012-03-11,0.20279786,0
70980,2012-03-11,0.46822193,0
70981,2012-03-11,0.13332161,0
70982,2012-03-11,0.26875752,0
70983,2012-03-11,0.14849865,0
70984,2012-03-11,0.66126704,1
70985,2012-03-11,0.5604273,1
70986,2012-03-11,0.45517066,1
70987,2012-03-11,0.14377357,0
70988,2012-03-11,0.17359449,0
70989,2012-03-11,0.13226986,0
70990,2012-03-11,0.41877326,0
70991,2012-03-11,0.42751867,0
70992,2012-03-11,0.17647618,0
70993,2012-03-11,0.04853428,0
70994,2012-03-11,0.062268168,0
70995,2012-03-11,0.20646457,0
70996,2012-03-11,0.13960814,0
70997,2012-03-11,0.22119235,1
70998,2012-03-11,0.069966756,0
70999,2012-03-11,0.18239157,0
71000,2012-03-11,0.31244865,0
71001,2012-03-11,0.043582942,0
71002,2012-03-11,0.31645596,1
71003,2012-03-11,0.5098512,1
71004,2012-03-11,0.3831404,1
71005,2012-03-11,0.34287152,0
71006,2012-03-11,0.13869576,0
71007,2012-03-11,0.05022835,0
71008,2012-03-11,0.12316502,0
71009,2012-03-11,0.4596695,0
71010,2012-03-11,0.2641783,0
71011,2012-03-11,0.16788906,0
71012,2012-03-11,0.6421556,0
71013,2012-03-11,0.37515673,1
71014,2012-03-11,0.39474264,1
71015,2012-03-11,0.06460231,0
71016,2012-03-11,0.43382812,0
71017,2012-03-11,0.13457786,1
71018,2012-03-11,0.345418,0
71019,2012-03-11,0.38168067,0
71020,2012-03-11,0.05206733,0
71021,2012-03-11,0.49070317,1
71022,2012-03-11,0.5698019,0
71023,2012-03-11,0.5477908,1
71024,2012-03-11,0.42558825,0
71025,2012-03-11,0.5533977,1
71026,2012-03-11,0.10011073,0
71027,2012-03-11,0.4663354,1
71028,2012-03-11,0.22759774,1
71029,2012-03-11,0.3357541,0
71030,2012-03-11,0.13624232,1
71031,2012-03-11,0.21453229,0
71032,2012-03-11,0.3961153,1
71033,2012-03-11,0.055133436,0
71034,2012-03-11,0.12596598,0
71035,2012-03-11,0.089475386,0
71036,2012-03-11,0.5315084,0
71037,2012-03-11,0.3817313,0
71038,2012-03-11,0.5771239,0
71039,2012-03-11,0.3414393,0
71040,2012-03-11,0.19255473,0
71041,2012-03-11,0.3898425,0
71042,2012-03-11,0.21521184,1
71043,2012-03-11,0.85613537,0
71044,2012-03-11,0.22419411,1
71045,2012-03-11,0.67594934,0
71046,2012-03-11,0.39973155,0
71047,2012-03-11,0.034808405,0
71048,2012-03-11,0.8420756,0
71049,2012-03-11,0.39299682,0
71050,2012-03-11,0.871335,1
71051,2012-03-11,0.67234194,1
71052,2012-03-11,0.19300152,0
71053,2012-03-11,0.108224474,0
71054,2012-03-11,0.49782416,1
71055,2012-03-11,0.35546494,0
71056,2012-03-11,0.21362333,1
71057,2012-03-11,0.21754055,1
71058,2012-03-11,0.39167923,0
71059,2012-03-11,0.1393003,0
71060,2012-03-11,0.039190475,0
71061,2012-03-11,0.86043185,0
71062,2012-03-11,0.0305759,0
71063,2012-03-11,0.35334384,1
71064,2012-03-11,0.47789806,0
71065,2012-03-11,0.5117586,1
71066,2012-03-11,0.15842018,0
71067,2012-03-11,0.27421317,1
71068,2012-03-11,0.21016663,0
71069,2012-03-11,0.3923223,0
71070,2012-03-11,0.080828235,0
71071,2012-03-11,0.27862552,0
71072,2012-03-11,0.651979,1
71073,2012-03-11,0.320723,1
71074,2012-03-11,0.27453175,1
71075,2012-03-11,0.08651176,0
71076,2012-03-11,0.32583514,0
71077,2012-03-11,0.18033661,0
71078,2012-03-11,0.47358,0
71079,2012-03-11,0.43933308,1
71080,2012-03-11,0.11972019,0
71081,2012-03-11,0.7736093,1
71082,2012-03-11,0.023310639,0
71083,2012-03-11,0.16825585,0
71084,2012-03-11,0.38094994,0
71085,2012-03-11,0.2543241,0
71086,2012-03-11,0.1712521,0
71087,2012-03-11,0.20954598,1
71088,2012-03-11,0.3085052,0
71089,2012-03-11,0.18461755,1
71090,2012-03-11,0.27868694,0
71091,2012-03-11,0.26053792,1
71092,2012-03-11,0.3951555,0
71093,2012-03-11,0.20424205,0
71094,2012-03-11,0.2124103,0
71095,2012-03-11,0.74946064,0
71096,2012-03-11,0.68627846,0
71097,2012-03-11,0.24720153,0
71098,2012-03-11,0.19041768,0
71099,2012-03-11,0.76626605,1
71100,2012-03-11,0.3873844,0
71101,2012-03-11,0.38254663,0
71102,2012-03-11,0.1761278,1
71103,2012-03-11,0.6471337,1
71104,2012-03-11,0.22643512,0
71105,2012-03-11,0.1261463,0
71106,2012-03-11,0.16848987,0
71107,2012-03-11,0.21832688,0
71108,2012-03-11,0.39156383,0
71109,2012-03-11,0.13554327,1
71110,2012-03-11,0.17312068,0
71111,2012-03-11,0.42224246,1
71112,2012-03-11,0.35730752,0
71113,2012-03-11,0.25305367,0
71114,2012-03-11,0.50680673,0
71115,2012-03-11,0.1929438,0
71116,2012-03-11,0.31381702,1
71117,2012-03-11,0.6602597,0
71118,2012-03-11,0.44210535,0
71119,2012-03-11,0.13004626,0
71120,2012-03-11,0.043811854,0
71121,2012-03-11,0.36095172,0
71122,2012-03-11,0.49571487,1
71123,2012-03-11,0.29041964,0
71124,2012-03-11,0.7892632,0
71125,2012-03-11,0.47022343,0
71126,2012-03-11,0.11066855,0
71127,2012-03-11,0.155655,0
71128,2012-03-11,0.21565057,0
71129,2012-03-11,0.30910948,0
71130,2012-03-11,0.6895502,1
71131,2012-03-11,0.21154429,0
71132,2012-03-11,0.054422367,0
71133,2012-03-11,0.31400922,0
71134,2012-03-11,0.15612535,0
71135,2012-03-11,0.043851316,0
71136,2012-03-11,0.13387263,0
71137,2012-03-11,0.08146758,0
71138,2012-03-11,0.08404691,0
71139,2012-03-11,0.27716386,1
71140,2012-03-11,0.30739734,0
71141,2012-03-11,0.36645117,1
71142,2012-03-11,0.065669306,0
71143,2012-03-11,0.106769465,1
71144,2012-03-11,0.50008696,0
71145,2012-03-11,0.62167084,0
71146,2012-03-11,0.48067355,0
71147,2012-03-11,0.44262698,0
71148,2012-03-11,0.25956106,0
71149,2012-03-11,0.6674823,0
71150,2012-03-11,0.71365213,1
71151,2012-03-11,0.13611919,0
71152,2012-03-11,0.43199193,0
71153,2012-03-11,0.36851212,0
71154,2012-03-11,0.38717404,0
71155,2012-03-11,0.41589916,1
71156,2012-03-11,0.3387714,0
71157,2012-03-11,0.05844618,0
71158,2012-03-11,0.35495317,0
71159,2012-03-11,0.21100055,1
71160,2012-03-11,0.60679436,1
71161,2012-03-11,0.38132337,1
71162,2012-03-11,0.5578588,1
71163,2012-03-11,0.5153934,0
71164,2012-03-11,0.59484607,0
71165,2012-03-11,0.3907277,1
71166,2012-03-11,0.086770944,1
71167,2012-03-11,0.22723354,0
71168,2012-03-11,0.612678,1
71169,2012-03-11,0.45091295,0
71170,2012-03-11,0.29526436,1
71171,2012-03-11,0.3246798,0
71172,2012-03-11,0.32180095,1
71173,2012-03-11,0.027798554,1
71174,2012-03-11,0.13049673,0
71175,2012-03-11,0.23901619,0
71176,2012-03-11,0.6752662,0
71177,2012-03-11,0.4199753,1
71178,2012-03-11,0.13280515,0
71179,2012-03-11,0.36810094,0
71180,2012-03-11,0.17252287,1
71181,2012-03-11,0.3518657,0
71182,2012-03-11,0.7800033,0
71183,2012-03-11,0.05879442,0
71184,2012-03-11,0.41153648,1
71185,2012-03-11,0.41663316,1
71186,2012-03-11,0.7986367,0
71187,2012-03-11,0.22131188,1
71188,2012-03-11,0.5991905,1
71189,2012-03-11,0.66942275,1
71190,2012-03-11,0.12312489,0
71191,2012-03-11,0.32653508,1
71192,2012-03-11,0.26622847,0
71193,2012-03-11,0.6441284,1
71194,2012-03-11,0.41287094,0
71195,2012-03-11,0.3371151,0
71196,2012-03-11,0.33568966,0
71197,2012-03-11,0.6481515,1
71198,2012-03-11,0.33145204,0
71199,2012-03-11,0.47342554,1
71200,2012-03-11,0.0291263,0
71201,2012-03-11,0.35884815,1
71202,2012-03-11,0.2261369,1
71203,2012-03-11,0.014123237,1
71204,2012-03-11,0.28141087,1
71205,2012-03-11,0.08811063,1
71206,2012-03-11,0.12846261,0
71207,2012-03-11,0.570757,0
71208,2012-03-11,0.25976866,0
71209,2012-03-11,0.5454113,0
71210,2012-03-11,0.4704803,0
71211,2012-03-11,0.15270773,0
71212,2012-03-11,0.69466895,0
71213,2012-03-11,0.056035478,0
71214,2012-03-11,0.104382515,0
71215,2012-03-11,0.08304382,0
71216,2012-03-11,0.23235452,0
71217,2012-03-11,0.2772217,0
71218,2012-03-11,0.14654373,0
71219,2012-03-11,0.44220102,0
71220,2012-03-11,0.23899631,0
71221,2012-03-11,0.14127803,1
71222,2012-03-11,0.35529414,1
71223,2012-03-11,0.14160424,1
71224,2012-03-11,0.35354137,1
71225,2012-03-11,0.17190532,1
71226,2012-03-11,0.21395947,1
71227,2012-03-11,0.24153118,0
71228,2012-03-11,0.84180576,1
71229,2012-03-11,0.30108413,1
71230,2012-03-11,0.15516062,1
71231,2012-03-11,0.72090447,1
71232,2012-03-11,0.21402937,1
71233,2012-03-11,0.124291874,0
71234,2012-03-11,0.07558139,0
71235,2012-03-11,0.49141216,0
71236,2012-03-11,0.10429413,0
71237,2012-03-11,0.14239582,0
71238,2012-03-12,0.2440597,0
71239,2012-03-12,0.3752507,1
71240,2012-03-12,0.43360847,1
71241,2012-03-12,0.12938477,1
71242,2012-03-12,0.09762765,1
71243,2012-03-12,0.13569355,0
71244,2012-03-12,0.04011484,0
71245,2012-03-12,0.11692318,0
71246,2012-03-12,0.480012,0
71247,2012-03-12,0.037184983,1
71248,2012-03-12,0.19032522,0
71249,2012-03-12,0.6173002,0
71250,2012-03-12,0.3797908,0
71251,2012-03-12,0.23469895,1
71252,2012-03-12,0.3999073,1
71253,2012-03-12,0.027250621,0
71254,2012-03-12,0.08550432,0
71255,2012-03-12,0.21268101,1
71256,2012-03-12,0.29228875,1
71257,2012-03-12,0.48345178,0
71258,2012-03-12,0.21606779,0
71259,2012-03-12,0.07242614,0
71260,2012-03-12,0.17721611,0
71261,2012-03-12,0.40989012,1
71262,2012-03-12,0.25029293,0
71263,2012-03-12,0.094690755,0
71264,2012-03-12,0.4710582,0
71265,2012-03-12,0.054087937,0
71266,2012-03-12,0.69538546,0
71267,2012-03-12,0.35671714,0
71268,2012-03-12,0.36880395,0
71269,2012-03-12,0.2335252,0
71270,2012-03-12,0.05168917,0
71271,2012-03-12,0.16971189,0
71272,2012-03-12,0.39314958,0
71273,2012-03-12,0.748925,1
71274,2012-03-12,0.74986327,1
71275,2012-03-12,0.07103341,0
71276,2012-03-12,0.11321771,0
71277,2012-03-12,0.51213855,0
71278,2012-03-12,0.44866303,0
71279,2012-03-12,0.07852093,0
71280,2012-03-12,0.23003012,0
71281,2012-03-12,0.3950413,0
71282,2012-03-12,0.5028561,1
71283,2012-03-12,0.033291116,0
71284,2012-03-12,0.5342141,0
71285,2012-03-12,0.7695068,0
71286,2012-03-12,0.663402,1
71287,2012-03-12,0.34585264,0
71288,2012-03-12,0.29636958,0
71289,2012-03-12,0.12652187,0
71290,2012-03-12,0.776376,1
71291,2012-03-12,0.1607171,0
71292,2012-03-12,0.16780375,1
71293,2012-03-12,0.16804925,1
71294,2012-03-12,0.204596,0
71295,2012-03-12,0.084858894,0
71296,2012-03-12,0.4643126,0
71297,2012-03-12,0.11385959,0
71298,2012-03-12,0.3461017,0
71299,2012-03-12,0.4105363,0
71300,2012-03-12,0.46641815,0
71301,2012-03-12,0.19435011,0
71302,2012-03-12,0.59706473,0
71303,2012-03-12,0.8341321,1
71304,2012-03-12,0.1938284,0
71305,2012-03-12,0.42264998,0
71306,2012-03-12,0.06096035,0
71307,2012-03-12,0.12762369,0
71308,2012-03-12,0.6431544,0
71309,2012-03-12,0.23963672,1
71310,2012-03-12,0.32424626,1
71311,2012-03-12,0.4806627,1
71312,2012-03-12,0.3106004,0
71313,2012-03-12,0.6441017,0
71314,2012-03-12,0.26696694,1
71315,2012-03-12,0.19904947,1
71316,2012-03-12,0.6705613,0
71317,2012-03-12,0.6145018,0
71318,2012-03-12,0.9410711,1
71319,2012-03-12,0.21858346,0
71320,2012-03-12,0.64730805,1
71321,2012-03-12,0.14439426,0
71322,2012-03-12,0.39235982,1
71323,2012-03-12,0.2426214,0
71324,2012-03-12,0.22517867,1
71325,2012-03-12,0.4424678,0
71326,2012-03-12,0.37396297,0
71327,2012-03-12,0.60730535,1
71328,2012-03-12,0.06034571,0
71329,2012-03-12,0.13246524,0
71330,2012-03-12,0.5390217,1
71331,2012-03-12,0.47849643,1
71332,2012-03-12,0.09345286,0
71333,2012-03-12,0.12594286,0
71334,2012-03-12,0.45104834,0
71335,2012-03-12,0.36795238,0
71336,2012-03-12,0.12896432,0
71337,2012-03-12,0.6042756,1
71338,2012-03-12,0.40145817,0
71339,2012-03-12,0.5839131,0
71340,2012-03-12,0.35691994,1
71341,2012-03-12,0.13392636,0
71342,2012-03-12,0.6978165,0
71343,2012-03-12,0.6785621,1
71344,2012-03-12,0.49874845,1
71345,2012-03-12,0.45292246,1
71346,2012-03-12,0.76669514,0
71347,2012-03-12,0.6548404,0
71348,2012-03-12,0.11173433,0
71349,2012-03-12,0.24506123,1
71350,2012-03-12,0.6579458,0
71351,2012-03-12,0.7325505,1
71352,2012-03-12,0.24763842,0
71353,2012-03-12,0.45573077,0
71354,2012-03-12,0.6213206,0
71355,2012-03-12,0.17166147,0
71356,2012-03-12,0.60728395,0
71357,2012-03-12,0.51223826,0
71358,2012-03-12,0.13722607,0
71359,2012-03-12,0.082999796,0
71360,2012-03-12,0.059696347,1
71361,2012-03-12,0.19676545,0
71362,2012-03-12,0.15823002,1
71363,2012-03-12,0.5918463,0
71364,2012-03-12,0.075595185,0
71365,2012-03-12,0.2701603,0
71366,2012-03-12,0.5500466,1
71367,2012-03-12,0.07739193,0
71368,2012-03-12,0.7615859,1
71369,2012-03-12,0.27325,0
71370,2012-03-12,0.16180855,0
71371,2012-03-12,0.2357285,0
71372,2012-03-12,0.7221401,1
71373,2012-03-12,0.023991864,1
71374,2012-03-12,0.33097312,0
71375,2012-03-12,0.45710102,0
71376,2012-03-12,0.30772525,0
71377,2012-03-12,0.24711779,1
71378,2012-03-12,0.3473615,0
71379,2012-03-12,0.031101821,1
71380,2012-03-12,0.16862355,0
71381,2012-03-12,0.053558815,0
71382,2012-03-12,0.45002344,0
71383,2012-03-12,0.11417459,0
71384,2012-03-12,0.0545688,0
71385,2012-03-12,0.30556715,0
71386,2012-03-12,0.3364401,1
71387,2012-03-12,0.4620814,1
71388,2012-03-12,0.5096374,0
71389,2012-03-12,0.0547034,0
71390,2012-03-12,0.46035513,1
71391,2012-03-12,0.18215749,0
71392,2012-03-12,0.58417636,0
71393,2012-03-12,0.2839779,1
71394,2012-03-12,0.03584815,0
71395,2012-03-12,0.38289174,0
71396,2012-03-12,0.44925058,1
71397,2012-03-12,0.39187965,0
71398,2012-03-12,0.17780057,0
71399,2012-03-12,0.19337144,0
71400,2012-03-12,0.054014288,0
71401,2012-03-12,0.19708347,0
71402,2012-03-12,0.07437991,0
71403,2012-03-12,0.116043136,0
71404,2012-03-12,0.33347136,0
71405,2012-03-12,0.11946969,1
71406,2012-03-12,0.14028484,0
71407,2012-03-12,0.14905363,1
71408,2012-03-12,0.4080803,0
71409,2012-03-12,0.5544852,1
71410,2012-03-12,0.176914,0
71411,2012-03-12,0.19948098,1
71412,2012-03-12,0.2523865,0
71413,2012-03-12,0.4228997,1
71414,2012-03-12,0.21279588,0
71415,2012-03-12,0.6953589,0
71416,2012-03-12,0.445933,0
71417,2012-03-12,0.660102,0
71418,2012-03-12,0.012032668,0
71419,2012-03-12,0.041266665,0
71420,2012-03-12,0.5036227,0
71421,2012-03-12,0.39175877,0
71422,2012-03-12,0.50699365,1
71423,2012-03-12,0.091327064,1
71424,2012-03-12,0.12677749,0
71425,2012-03-12,0.14846231,0
71426,2012-03-12,0.065840945,0
71427,2012-03-12,0.3091912,0
71428,2012-03-12,0.46056938,0
71429,2012-03-12,0.56093466,0
71430,2012-03-12,0.09059426,0
71431,2012-03-12,0.44448715,0
71432,2012-03-12,0.2941025,1
71433,2012-03-12,0.21443623,0
71434,2012-03-12,0.5290704,0
71435,2012-03-12,0.10290206,1
71436,2012-03-12,0.23540787,1
71437,2012-03-12,0.41306353,0
71438,2012-03-12,0.2550957,1
71439,2012-03-12,0.59133935,1
71440,2012-03-12,0.2203887,0
71441,2012-03-12,0.24795303,1
71442,2012-03-12,0.4349944,1
71443,2012-03-12,0.62152267,1
71444,2012-03-12,0.68023324,1
71445,2012-03-12,0.64351964,0
71446,2012-03-12,0.2042218,0
71447,2012-03-12,0.2811476,0
71448,2012-03-12,0.42107368,0
71449,2012-03-12,0.11731572,0
71450,2012-03-12,0.105356716,0
71451,2012-03-12,0.43842608,1
71452,2012-03-12,0.21138966,0
71453,2012-03-12,0.7873108,0
71454,2012-03-12,0.08882153,0
71455,2012-03-12,0.26546615,0
71456,2012-03-12,0.50472605,0
71457,2012-03-12,0.5781891,0
71458,2012-03-12,0.18491855,0
71459,2012-03-12,0.31747392,0
71460,2012-03-12,0.07915909,0
71461,2012-03-12,0.115642205,0
71462,2012-03-12,0.5725881,0
71463,2012-03-12,0.60791194,0
71464,2012-03-12,0.14741199,0
71465,2012-03-12,0.46821827,0
71466,2012-03-12,0.12247732,0
71467,2012-03-12,0.44881976,0
71468,2012-03-12,0.29932553,0
71469,2012-03-12,0.3085001,0
71470,2012-03-12,0.47001344,1
71471,2012-03-12,0.6505121,0
71472,2012-03-12,0.18834713,0
71473,2012-03-12,0.08873861,0
71474,2012-03-12,0.9400903,1
71475,2012-03-12,0.26794425,0
71476,2012-03-12,0.594929,0
71477,2012-03-12,0.6972006,0
71478,2012-03-12,0.5929698,0
71479,2012-03-12,0.3238855,0
71480,2012-03-12,0.07728716,0
71481,2012-03-12,0.20446934,1
71482,2012-03-12,0.10273322,0
71483,2012-03-12,0.48601916,0
71484,2012-03-12,0.3188857,0
71485,2012-03-12,0.24591956,0
71486,2012-03-12,0.021216223,0
71487,2012-03-12,0.5211962,0
71488,2012-03-12,0.28960887,0
71489,2012-03-12,0.14207284,1
71490,2012-03-12,0.6769368,1
71491,2012-03-12,0.21215707,0
71492,2012-03-12,0.059416972,0
71493,2012-03-12,0.29471937,0
71494,2012-03-12,0.24503587,1
71495,2012-03-12,0.13360159,0
71496,2012-03-12,0.3151028,0
71497,2012-03-12,0.31069714,0
71498,2012-03-12,0.46851712,1
71499,2012-03-12,0.23061627,1
71500,2012-03-12,0.29639283,0
71501,2012-03-12,0.19031002,1
71502,2012-03-12,0.40414757,1
71503,2012-03-12,0.60851425,1
71504,2012-03-12,0.09531805,0
71505,2012-03-12,0.39844555,0
71506,2012-03-12,0.26200846,0
71507,2012-03-12,0.4294593,1
71508,2012-03-12,0.7467713,0
71509,2012-03-12,0.6443269,0
71510,2012-03-12,0.1848731,0
71511,2012-03-12,0.23075558,0
71512,2012-03-12,0.34316477,0
71513,2012-03-12,0.4635242,1
71514,2012-03-12,0.47888,0
71515,2012-03-12,0.2192314,0
71516,2012-03-12,0.7893924,0
71517,2012-03-12,0.034934115,0
71518,2012-03-12,0.6619302,1
71519,2012-03-12,0.37460762,1
71520,2012-03-12,0.19065152,1
71521,2012-03-12,0.39755082,0
71522,2012-03-12,0.34840065,0
71523,2012-03-12,0.24584785,1
71524,2012-03-12,0.27661526,0
71525,2012-03-12,0.21831688,1
71526,2012-03-12,0.24258329,0
71527,2012-03-12,0.49533615,1
71528,2012-03-12,0.24898815,0
71529,2012-03-12,0.17341208,0
71530,2012-03-12,0.24280709,1
71531,2012-03-12,0.28858274,1
71532,2012-03-12,0.52746326,1
71533,2012-03-12,0.06056001,0
71534,2012-03-12,0.3423816,0
71535,2012-03-12,0.48063195,1
71536,2012-03-12,0.60270745,1
71537,2012-03-12,0.29553616,0
71538,2012-03-12,0.35280013,0
71539,2012-03-12,0.71357137,1
71540,2012-03-12,0.3495547,0
71541,2012-03-12,0.14845482,0
71542,2012-03-12,0.5262804,1
71543,2012-03-12,0.5463346,0
71544,2012-03-12,0.19320755,0
71545,2012-03-12,0.52010775,1
71546,2012-03-12,0.26789376,0
71547,2012-03-12,0.16079442,0
71548,2012-03-12,0.43443063,1
71549,2012-03-12,0.6158008,1
71550,2012-03-12,0.8337736,1
71551,2012-03-12,0.025285572,0
71552,2012-03-12,0.6610171,0
71553,2012-03-12,0.31570926,0
71554,2012-03-12,0.1301345,0
71555,2012-03-12,0.43113768,1
71556,2012-03-12,0.5870228,0
71557,2012-03-12,0.07254061,0
71558,2012-03-12,0.19645554,0
71559,2012-03-12,0.21486434,0
71560,2012-03-12,0.12681502,0
71561,2012-03-12,0.08235706,0
71562,2012-03-12,0.22415164,0
71563,2012-03-12,0.28738835,0
71564,2012-03-12,0.33119866,0
71565,2012-03-12,0.38126114,0
71566,2012-03-12,0.1626093,0
71567,2012-03-12,0.64577824,1
71568,2012-03-12,0.5625177,0
71569,2012-03-12,0.12984942,0
71570,2012-03-12,0.07414887,0
71571,2012-03-12,0.38615832,1
71572,2012-03-12,0.53938687,1
71573,2012-03-12,0.028015688,0
71574,2012-03-12,0.8557406,1
71575,2012-03-12,0.22910473,0
71576,2012-03-12,0.12788074,0
71577,2012-03-12,0.48942503,1
71578,2012-03-12,0.37964985,0
71579,2012-03-12,0.24772097,0
71580,2012-03-12,0.7064278,0
71581,2012-03-12,0.43096864,0
71582,2012-03-12,0.42836687,0
71583,2012-03-12,0.1193323,0
71584,2012-03-12,0.18839087,0
71585,2012-03-12,0.057907645,1
71586,2012-03-12,0.44843575,0
71587,2012-03-12,0.6595755,0
71588,2012-03-12,0.6054623,0
71589,2012-03-12,0.18500446,0
71590,2012-03-12,0.35195813,0
71591,2012-03-12,0.22401516,0
71592,2012-03-12,0.095540315,0
71593,2012-03-12,0.25126314,1
71594,2012-03-12,0.7214549,0
71595,2012-03-12,0.12853403,1
71596,2012-03-12,0.056330092,0
71597,2012-03-12,0.46996078,1
71598,2012-03-12,0.41389775,0
71599,2012-03-12,0.06096222,1
71600,2012-03-12,0.108906314,0
71601,2012-03-12,0.19719107,0
71602,2012-03-12,0.17671862,0
71603,2012-03-12,0.30252972,1
71604,2012-03-12,0.033638377,0
71605,2012-03-12,0.25957018,1
71606,2012-03-12,0.5179383,0
71607,2012-03-12,0.5834286,1
71608,2012-03-12,0.49441704,0
71609,2012-03-12,0.3519254,1
71610,2012-03-12,0.3741703,0
71611,2012-03-12,0.91971153,0
71612,2012-03-12,0.5949761,0
71613,2012-03-12,0.27200675,0
71614,2012-03-12,0.47133896,0
71615,2012-03-12,0.19038005,1
71616,2012-03-12,0.16605327,0
71617,2012-03-12,0.64018035,1
71618,2012-03-12,0.32926956,0
71619,2012-03-12,0.28245813,1
71620,2012-03-12,0.48077056,0
71621,2012-03-12,0.1531595,0
71622,2012-03-12,0.5345325,0
71623,2012-03-12,0.35410994,0
71624,2012-03-12,0.15015215,0
71625,2012-03-12,0.34981748,0
71626,2012-03-12,0.17031619,1
71627,2012-03-12,0.3485989,0
71628,2012-03-12,0.24134429,0
71629,2012-03-12,0.32505792,0
71630,2012-03-12,0.08454708,0
71631,2012-03-12,0.54674596,0
71632,2012-03-12,0.36847562,0
71633,2012-03-12,0.07654776,0
71634,2012-03-13,0.06490017,0
71635,2012-03-13,0.4911241,0
71636,2012-03-13,0.06459359,0
71637,2012-03-13,0.6412014,0
71638,2012-03-13,0.23365153,0
71639,2012-03-13,0.26097137,0
71640,2012-03-13,0.69114786,0
71641,2012-03-13,0.13404362,1
71642,2012-03-13,0.6472678,1
71643,2012-03-13,0.099601224,0
71644,2012-03-13,0.15657909,0
71645,2012-03-13,0.32396606,1
71646,2012-03-13,0.42969415,1
71647,2012-03-13,0.8243763,0
71648,2012-03-13,0.5025258,1
71649,2012-03-13,0.21956731,1
71650,2012-03-13,0.06092327,0
71651,2012-03-13,0.20684004,1
71652,2012-03-13,0.20554005,1
71653,2012-03-13,0.25534344,0
71654,2012-03-13,0.23860328,0
71655,2012-03-13,0.5493868,1
71656,2012-03-13,0.027993532,0
71657,2012-03-13,0.3584531,0
71658,2012-03-13,0.1308066,0
71659,2012-03-13,0.39764866,1
71660,2012-03-13,0.057035133,0
71661,2012-03-13,0.42691004,1
71662,2012-03-13,0.52063364,1
71663,2012-03-13,0.19631617,0
71664,2012-03-13,0.66153765,0
71665,2012-03-13,0.3474372,1
71666,2012-03-13,0.60729706,1
71667,2012-03-13,0.6319872,1
71668,2012-03-13,0.64404625,0
71669,2012-03-13,0.37493068,0
71670,2012-03-13,0.18813485,0
71671,2012-03-13,0.12413673,1
71672,2012-03-13,0.3291412,1
71673,2012-03-13,0.012025324,1
71674,2012-03-13,0.51525164,0
71675,2012-03-13,0.55701774,1
71676,2012-03-13,0.32323888,1
71677,2012-03-13,0.7172029,1
71678,2012-03-13,0.4003327,0
71679,2012-03-13,0.23827825,1
71680,2012-03-13,0.03076162,0
71681,2012-03-13,0.47184485,1
71682,2012-03-13,0.07481284,1
71683,2012-03-13,0.14443588,0
71684,2012-03-13,0.3340954,0
71685,2012-03-13,0.3132586,0
71686,2012-03-13,0.23363908,0
71687,2012-03-13,0.15349115,0
71688,2012-03-13,0.4448003,1
71689,2012-03-13,0.47333127,1
71690,2012-03-13,0.23719011,0
71691,2012-03-13,0.36823893,1
71692,2012-03-13,0.07155836,0
71693,2012-03-13,0.70536816,0
71694,2012-03-13,0.42935032,1
71695,2012-03-13,0.07193748,0
71696,2012-03-13,0.24012502,0
71697,2012-03-13,0.23109587,0
71698,2012-03-13,0.19777292,1
71699,2012-03-13,0.26945022,0
71700,2012-03-13,0.097507656,0
71701,2012-03-13,0.35500556,0
71702,2012-03-13,0.6300542,0
71703,2012-03-13,0.5364369,1
71704,2012-03-13,0.5034718,1
71705,2012-03-13,0.29745162,1
71706,2012-03-13,0.11964327,1
71707,2012-03-13,0.7106729,0
71708,2012-03-13,0.1271033,0
71709,2012-03-13,0.87974083,1
71710,2012-03-13,0.30575067,1
71711,2012-03-13,0.37554592,0
71712,2012-03-13,0.62381697,1
71713,2012-03-13,0.45247778,1
71714,2012-03-13,0.0449033,0
71715,2012-03-13,0.6366049,1
71716,2012-03-13,0.61304283,1
71717,2012-03-13,0.047516484,0
71718,2012-03-13,0.3101522,0
71719,2012-03-13,0.21736988,0
71720,2012-03-13,0.24123003,0
71721,2012-03-13,0.4062903,1
71722,2012-03-13,0.025086049,0
71723,2012-03-13,0.22248858,1
71724,2012-03-13,0.28409716,0
71725,2012-03-13,0.47564536,1
71726,2012-03-13,0.1635025,0
71727,2012-03-13,0.0729507,1
71728,2012-03-13,0.20620708,0
71729,2012-03-13,0.50857013,0
71730,2012-03-13,0.42287505,0
71731,2012-03-13,0.24651739,1
71732,2012-03-13,0.2846193,1
71733,2012-03-13,0.4636519,0
71734,2012-03-13,0.47817627,0
71735,2012-03-13,0.71853036,1
71736,2012-03-13,0.09457545,0
71737,2012-03-13,0.15380566,1
71738,2012-03-13,0.21427517,0
71739,2012-03-13,0.6066597,0
71740,2012-03-13,0.3433043,0
71741,2012-03-13,0.3631879,0
71742,2012-03-13,0.6444709,0
71743,2012-03-13,0.6865682,0
71744,2012-03-13,0.4401077,0
71745,2012-03-13,0.75706327,0
71746,2012-03-13,0.1638171,0
71747,2012-03-13,0.1600549,1
71748,2012-03-13,0.60191107,0
71749,2012-03-13,0.36547714,0
71750,2012-03-13,0.14264378,0
71751,2012-03-13,0.13786767,0
71752,2012-03-13,0.3138764,0
71753,2012-03-13,0.28580666,0
71754,2012-03-13,0.15338686,0
71755,2012-03-13,0.49299386,1
71756,2012-03-13,0.22240002,0
71757,2012-03-13,0.15838052,0
71758,2012-03-13,0.68527424,1
71759,2012-03-13,0.75615054,1
71760,2012-03-13,0.37450305,0
71761,2012-03-13,0.47393095,0
71762,2012-03-13,0.13584161,0
71763,2012-03-13,0.27575687,0
71764,2012-03-13,0.21395314,0
71765,2012-03-13,0.11552871,1
71766,2012-03-13,0.4958738,1
71767,2012-03-13,0.20406546,1
71768,2012-03-13,0.13943505,0
71769,2012-03-13,0.41349214,1
71770,2012-03-13,0.3730229,0
71771,2012-03-13,0.21902233,0
71772,2012-03-13,0.7992248,0
71773,2012-03-13,0.15503642,0
71774,2012-03-13,0.046762522,0
71775,2012-03-13,0.5990088,0
71776,2012-03-13,0.36123258,0
71777,2012-03-13,0.5227369,0
71778,2012-03-13,0.20095618,0
71779,2012-03-13,0.24713692,0
71780,2012-03-13,0.3278534,0
71781,2012-03-13,0.27798948,0
71782,2012-03-13,0.35483292,0
71783,2012-03-13,0.90882653,1
71784,2012-03-13,0.28011936,0
71785,2012-03-13,0.12895368,0
71786,2012-03-13,0.06528943,0
71787,2012-03-13,0.692894,0
71788,2012-03-13,0.26977822,1
71789,2012-03-13,0.59821916,1
71790,2012-03-13,0.29391998,0
71791,2012-03-13,0.10251523,0
71792,2012-03-13,0.5640177,1
71793,2012-03-13,0.25520235,0
71794,2012-03-13,0.14625879,0
71795,2012-03-13,0.058873914,1
71796,2012-03-13,0.41466388,1
71797,2012-03-13,0.55324185,1
71798,2012-03-13,0.29052934,0
71799,2012-03-13,0.30682123,1
71800,2012-03-13,0.39536813,1
71801,2012-03-13,0.6534132,1
71802,2012-03-13,0.39293262,1
71803,2012-03-13,0.434206,0
71804,2012-03-13,0.24674745,0
71805,2012-03-14,0.69243413,1
71806,2012-03-14,0.30930573,1
71807,2012-03-14,0.37657318,0
71808,2012-03-14,0.39315107,1
71809,2012-03-14,0.23054737,1
71810,2012-03-14,0.26529965,1
71811,2012-03-14,0.7923578,0
71812,2012-03-14,0.5437591,0
71813,2012-03-14,0.68852824,0
71814,2012-03-14,0.46696812,0
71815,2012-03-14,0.31861556,0
71816,2012-03-14,0.4480402,1
71817,2012-03-14,0.519817,1
71818,2012-03-14,0.033831805,0
71819,2012-03-14,0.4732027,1
71820,2012-03-14,0.35109502,0
71821,2012-03-14,0.5193618,0
71822,2012-03-14,0.080264404,0
71823,2012-03-14,0.873333,0
71824,2012-03-14,0.6964361,1
71825,2012-03-14,0.11228161,0
71826,2012-03-14,0.40505147,0
71827,2012-03-14,0.302084,0
71828,2012-03-14,0.38663664,1
71829,2012-03-14,0.594302,0
71830,2012-03-14,0.4837086,0
71831,2012-03-14,0.47653005,0
71832,2012-03-14,0.14192265,0
71833,2012-03-14,0.8011847,0
71834,2012-03-14,0.27640206,0
71835,2012-03-14,0.5545513,1
71836,2012-03-14,0.58934844,0
71837,2012-03-14,0.40741926,0
71838,2012-03-14,0.6882815,0
71839,2012-03-14,0.5074316,1
71840,2012-03-14,0.33922845,0
71841,2012-03-14,0.19135971,1
71842,2012-03-14,0.66981256,0
71843,2012-03-14,0.22636124,0
71844,2012-03-14,0.19791286,1
71845,2012-03-14,0.13234293,0
71846,2012-03-14,0.35238522,0
71847,2012-03-14,0.12588109,1
71848,2012-03-14,0.422323,0
71849,2012-03-14,0.07000034,0
71850,2012-03-14,0.75262994,1
71851,2012-03-14,0.3055536,1
71852,2012-03-14,0.36354727,0
71853,2012-03-14,0.38867933,0
71854,2012-03-14,0.58048487,0
71855,2012-03-14,0.14756164,0
71856,2012-03-14,0.40426248,1
71857,2012-03-14,0.651936,1
71858,2012-03-14,0.19422951,0
71859,2012-03-14,0.4383616,1
71860,2012-03-14,0.2716891,0
71861,2012-03-14,0.6229374,1
71862,2012-03-14,0.1180896,0
71863,2012-03-14,0.37953934,1
71864,2012-03-14,0.5040658,0
71865,2012-03-14,0.17201921,0
71866,2012-03-14,0.26562274,0
71867,2012-03-14,0.24189824,1
71868,2012-03-14,0.33323997,1
71869,2012-03-14,0.03501452,0
71870,2012-03-14,0.24197522,0
71871,2012-03-14,0.5248842,0
71872,2012-03-14,0.3162852,0
71873,2012-03-14,0.09972385,1
71874,2012-03-14,0.5790846,0
71875,2012-03-14,0.2530054,1
71876,2012-03-14,0.015034739,0
71877,2012-03-14,0.72698164,1
71878,2012-03-14,0.20755735,1
71879,2012-03-14,0.52642983,0
71880,2012-03-14,0.3261873,0
71881,2012-03-14,0.42099926,1
71882,2012-03-14,0.437309,0
71883,2012-03-14,0.34270194,1
71884,2012-03-14,0.15049845,0
71885,2012-03-14,0.21956079,1
71886,2012-03-14,0.16306138,0
71887,2012-03-14,0.45420334,1
71888,2012-03-14,0.65263027,1
71889,2012-03-14,0.28923136,0
71890,2012-03-14,0.3196301,0
71891,2012-03-14,0.499862,1
71892,2012-03-14,0.312756,1
71893,2012-03-14,0.024863565,0
71894,2012-03-14,0.29611784,0
71895,2012-03-14,0.20723128,0
71896,2012-03-14,0.097119674,0
71897,2012-03-14,0.30750632,0
71898,2012-03-14,0.7696732,1
71899,2012-03-14,0.7266576,1
71900,2012-03-14,0.04067852,0
71901,2012-03-14,0.109672785,1
71902,2012-03-14,0.07987528,0
71903,2012-03-14,0.09044308,0
71904,2012-03-14,0.16451304,0
71905,2012-03-14,0.8571201,0
71906,2012-03-14,0.13989322,1
71907,2012-03-14,0.13511133,0
71908,2012-03-14,0.27541608,0
71909,2012-03-14,0.054180086,0
71910,2012-03-14,0.39426473,1
71911,2012-03-14,0.5611077,1
71912,2012-03-14,0.13428412,1
71913,2012-03-14,0.1200935,1
71914,2012-03-14,0.02215409,0
71915,2012-03-14,0.21661569,0
71916,2012-03-14,0.15960547,0
71917,2012-03-14,0.53222,0
71918,2012-03-14,0.19061676,1
71919,2012-03-14,0.2113235,1
71920,2012-03-14,0.25856298,0
71921,2012-03-14,0.18054718,0
71922,2012-03-14,0.47106782,1
71923,2012-03-14,0.62257034,0
71924,2012-03-14,0.2946792,1
71925,2012-03-14,0.4364574,1
71926,2012-03-14,0.27463514,1
71927,2012-03-14,0.6705158,0
71928,2012-03-14,0.14795364,0
71929,2012-03-14,0.2874861,1
71930,2012-03-14,0.073627554,0
71931,2012-03-14,0.27017778,0
71932,2012-03-14,0.064458616,0
71933,2012-03-14,0.16494508,1
71934,2012-03-14,0.13105637,1
71935,2012-03-14,0.14628379,0
71936,2012-03-14,0.61102426,0
71937,2012-03-14,0.22426692,0
71938,2012-03-14,0.19885781,0
71939,2012-03-14,0.23741724,0
71940,2012-03-14,0.5235287,1
71941,2012-03-14,0.47045666,0
71942,2012-03-14,0.2301509,0
71943,2012-03-14,0.28197765,0
71944,2012-03-14,0.29386234,0
71945,2012-03-14,0.38735643,0
71946,2012-03-14,0.57266986,1
71947,2012-03-14,0.6654632,1
71948,2012-03-14,0.7814963,1
71949,2012-03-14,0.25270918,1
71950,2012-03-14,0.54570174,0
71951,2012-03-14,0.044654205,0
71952,2012-03-14,0.13837574,0
71953,2012-03-14,0.20054032,0
71954,2012-03-14,0.24919233,0
71955,2012-03-14,0.2017427,0
71956,2012-03-14,0.550728,1
71957,2012-03-14,0.7174329,1
71958,2012-03-14,0.5087987,1
71959,2012-03-14,0.34485725,0
71960,2012-03-14,0.117703505,0
71961,2012-03-14,0.4896227,1
71962,2012-03-14,0.53997916,1
71963,2012-03-14,0.5047311,0
71964,2012-03-14,0.6034351,1
71965,2012-03-14,0.025866345,0
71966,2012-03-14,0.31731367,0
71967,2012-03-15,0.06547536,0
71968,2012-03-15,0.15734494,0
71969,2012-03-15,0.5166189,1
71970,2012-03-15,0.19107856,1
71971,2012-03-15,0.7119579,1
71972,2012-03-15,0.9086218,0
71973,2012-03-15,0.70250666,0
71974,2012-03-15,0.42810532,0
71975,2012-03-15,0.67022604,0
71976,2012-03-15,0.5911876,1
71977,2012-03-15,0.58254224,0
71978,2012-03-15,0.12891448,1
71979,2012-03-15,0.544187,0
71980,2012-03-15,0.6188526,1
71981,2012-03-15,0.640143,1
71982,2012-03-15,0.39038223,1
71983,2012-03-15,0.012073823,0
71984,2012-03-15,0.16568542,1
71985,2012-03-15,0.4730616,0
71986,2012-03-15,0.09648906,0
71987,2012-03-15,0.08739705,1
71988,2012-03-15,0.28507727,0
71989,2012-03-15,0.39482692,0
71990,2012-03-15,0.17224291,0
71991,2012-03-15,0.252094,0
71992,2012-03-15,0.5978408,0
71993,2012-03-15,0.19096899,0
71994,2012-03-15,0.360168,0
71995,2012-03-15,0.17864433,1
71996,2012-03-15,0.15425271,0
71997,2012-03-15,0.19836846,0
71998,2012-03-15,0.16748591,0
71999,2012-03-15,0.19887751,1
72000,2012-03-15,0.13703425,1
72001,2012-03-15,0.10304893,0
72002,2012-03-15,0.09687889,0
72003,2012-03-15,0.4070873,0
72004,2012-03-15,0.6450694,1
72005,2012-03-15,0.10010862,1
72006,2012-03-15,0.7051967,0
72007,2012-03-15,0.1339108,0
72008,2012-03-15,0.25717202,0
72009,2012-03-15,0.13499922,0
72010,2012-03-15,0.1331246,0
72011,2012-03-15,0.28710654,0
72012,2012-03-15,0.5599097,0
72013,2012-03-15,0.14158736,1
72014,2012-03-15,0.117680795,0
72015,2012-03-15,0.2678546,0
72016,2012-03-15,0.15435426,1
72017,2012-03-15,0.3131187,0
72018,2012-03-15,0.28695735,0
72019,2012-03-15,0.27962074,1
72020,2012-03-15,0.2511873,0
72021,2012-03-15,0.80107903,0
72022,2012-03-15,0.20020598,0
72023,2012-03-15,0.20947619,1
72024,2012-03-15,0.47973397,0
72025,2012-03-15,0.09435028,0
72026,2012-03-15,0.26858178,0
72027,2012-03-15,0.029499406,0
72028,2012-03-15,0.18757163,0
72029,2012-03-15,0.3745585,1
72030,2012-03-15,0.52960736,1
72031,2012-03-15,0.332564,0
72032,2012-03-15,0.1037541,0
72033,2012-03-15,0.281812,0
72034,2012-03-15,0.15228087,0
72035,2012-03-15,0.7134368,1
72036,2012-03-15,0.06098718,0
72037,2012-03-15,0.2585005,1
72038,2012-03-15,0.489185,1
72039,2012-03-15,0.22115505,1
72040,2012-03-15,0.39598823,0
72041,2012-03-15,0.079289235,0
72042,2012-03-15,0.18051776,0
72043,2012-03-15,0.14155683,0
72044,2012-03-15,0.2990247,1
72045,2012-03-15,0.58618134,0
72046,2012-03-15,0.099598594,0
72047,2012-03-15,0.058989402,0
72048,2012-03-15,0.33052754,1
72049,2012-03-15,0.46360618,1
72050,2012-03-15,0.15491189,0
72051,2012-03-15,0.1180495,0
72052,2012-03-15,0.05151245,0
72053,2012-03-15,0.020237008,0
72054,2012-03-15,0.5962777,0
72055,2012-03-15,0.34036908,0
72056,2012-03-15,0.6894194,0
72057,2012-03-15,0.70395136,1
72058,2012-03-15,0.7395941,0
72059,2012-03-15,0.226926,0
72060,2012-03-15,0.36065888,0
72061,2012-03-15,0.2040045,0
72062,2012-03-15,0.72930646,1
72063,2012-03-15,0.14479212,1
72064,2012-03-15,0.21369806,0
72065,2012-03-15,0.37236965,0
72066,2012-03-15,0.15686499,0
72067,2012-03-15,0.3660636,1
72068,2012-03-15,0.8737713,0
72069,2012-03-15,0.5677389,0
72070,2012-03-15,0.12460887,0
72071,2012-03-15,0.25765243,1
72072,2012-03-15,0.17206216,0
72073,2012-03-15,0.6589385,1
72074,2012-03-15,0.05636635,0
72075,2012-03-15,0.71038455,0
72076,2012-03-15,0.1719114,0
72077,2012-03-15,0.14029342,0
72078,2012-03-15,0.61305887,0
72079,2012-03-15,0.088920794,0
72080,2012-03-15,0.09205631,0
72081,2012-03-15,0.061318837,0
72082,2012-03-15,0.51104033,0
72083,2012-03-15,0.83334076,0
72084,2012-03-15,0.4295741,0
72085,2012-03-15,0.15209772,0
72086,2012-03-15,0.2631076,0
72087,2012-03-15,0.043201555,0
72088,2012-03-15,0.15465738,1
72089,2012-03-15,0.23772307,0
72090,2012-03-15,0.5438157,1
72091,2012-03-15,0.53810805,0
72092,2012-03-15,0.20418596,0
72093,2012-03-15,0.40208125,0
72094,2012-03-15,0.7273461,1
72095,2012-03-15,0.21121831,1
72096,2012-03-15,0.5159669,0
72097,2012-03-15,0.4334808,0
72098,2012-03-15,0.78025025,0
72099,2012-03-15,0.3702259,0
72100,2012-03-15,0.2637429,0
72101,2012-03-15,0.55669636,1
72102,2012-03-15,0.46727446,0
72103,2012-03-15,0.7075772,1
72104,2012-03-15,0.78762794,0
72105,2012-03-15,0.3409349,1
72106,2012-03-15,0.0906754,0
72107,2012-03-15,0.14562954,0
72108,2012-03-15,0.63830733,1
72109,2012-03-15,0.034397416,0
72110,2012-03-15,0.19392365,1
72111,2012-03-15,0.55605876,0
72112,2012-03-15,0.10032826,0
72113,2012-03-15,0.4608073,0
72114,2012-03-15,0.30880928,0
72115,2012-03-15,0.5983325,0
72116,2012-03-15,0.30310458,1
72117,2012-03-15,0.33914337,1
72118,2012-03-15,0.32142583,1
72119,2012-03-15,0.21900368,1
72120,2012-03-15,0.4331923,0
72121,2012-03-15,0.2825467,1
72122,2012-03-15,0.11897899,0
72123,2012-03-15,0.05584501,0
72124,2012-03-15,0.3564068,1
72125,2012-03-15,0.06775411,1
72126,2012-03-15,0.31687936,0
72127,2012-03-15,0.51312655,1
72128,2012-03-15,0.17223124,0
72129,2012-03-15,0.34733516,0
72130,2012-03-15,0.26406235,1
72131,2012-03-15,0.42367202,1
72132,2012-03-15,0.13354458,1
72133,2012-03-15,0.51403826,0
72134,2012-03-15,0.50218356,0
72135,2012-03-15,0.4819788,0
72136,2012-03-15,0.123312265,0
72137,2012-03-15,0.37876457,0
72138,2012-03-15,0.08126149,0
72139,2012-03-15,0.29082996,1
72140,2012-03-15,0.21324149,0
72141,2012-03-15,0.78427297,0
72142,2012-03-15,0.43943253,1
72143,2012-03-15,0.3568382,0
72144,2012-03-15,0.63660187,0
72145,2012-03-15,0.63938636,0
72146,2012-03-15,0.27137384,0
72147,2012-03-15,0.14233093,0
72148,2012-03-15,0.14566101,1
72149,2012-03-15,0.7229224,0
72150,2012-03-15,0.55816305,1
72151,2012-03-15,0.34002867,0
72152,2012-03-15,0.32244274,0
72153,2012-03-15,0.6326357,0
72154,2012-03-15,0.27496064,0
72155,2012-03-15,0.20016122,1
72156,2012-03-15,0.6747405,0
72157,2012-03-15,0.48617655,0
72158,2012-03-15,0.72509134,0
72159,2012-03-15,0.60485023,1
72160,2012-03-15,0.15894532,0
72161,2012-03-15,0.14162883,0
72162,2012-03-15,0.035721716,0
72163,2012-03-15,0.15580875,1
72164,2012-03-15,0.506911,1
72165,2012-03-15,0.4294419,1
72166,2012-03-15,0.08416401,0
72167,2012-03-15,0.1770672,0
72168,2012-03-15,0.20384796,0
72169,2012-03-15,0.7466253,0
72170,2012-03-15,0.12982002,0
72171,2012-03-15,0.17316505,0
72172,2012-03-15,0.43730417,0
72173,2012-03-15,0.49693802,0
72174,2012-03-15,0.73107797,0
72175,2012-03-15,0.12582883,0
72176,2012-03-15,0.18696438,0
72177,2012-03-15,0.18753873,0
72178,2012-03-15,0.604236,0
72179,2012-03-15,0.28356123,1
72180,2012-03-15,0.17113683,0
72181,2012-03-15,0.18347488,0
72182,2012-03-15,0.64830184,1
72183,2012-03-15,0.21720088,0
72184,2012-03-15,0.7752779,1
72185,2012-03-15,0.3138264,0
72186,2012-03-15,0.2146893,0
72187,2012-03-15,0.19082859,0
72188,2012-03-15,0.4630957,1
72189,2012-03-15,0.17024392,0
72190,2012-03-15,0.4539306,0
72191,2012-03-15,0.34877217,1
72192,2012-03-15,0.41574177,1
72193,2012-03-15,0.25002903,0
72194,2012-03-15,0.19580342,0
72195,2012-03-15,0.9438003,1
72196,2012-03-15,0.28207377,0
72197,2012-03-15,0.13826245,1
72198,2012-03-15,0.06260173,0
72199,2012-03-15,0.16515975,0
72200,2012-03-15,0.074693136,0
72201,2012-03-15,0.10948984,1
72202,2012-03-15,0.72170067,1
72203,2012-03-15,0.15786661,0
72204,2012-03-15,0.4592007,1
72205,2012-03-15,0.2954301,0
72206,2012-03-15,0.45729503,0
72207,2012-03-15,0.27579048,0
72208,2012-03-15,0.6036522,0
72209,2012-03-15,0.68481517,1
72210,2012-03-15,0.26663882,0
72211,2012-03-15,0.28839284,0
72212,2012-03-15,0.5595111,1
72213,2012-03-15,0.11473997,0
72214,2012-03-15,0.73066443,1
72215,2012-03-15,0.3588085,1
72216,2012-03-15,0.52885497,0
72217,2012-03-15,0.18351755,0
72218,2012-03-15,0.9667341,0
72219,2012-03-15,0.6605273,0
72220,2012-03-15,0.7628337,0
72221,2012-03-15,0.67833686,0
72222,2012-03-15,0.30135512,0
72223,2012-03-15,0.3087857,0
72224,2012-03-15,0.15614058,1
72225,2012-03-15,0.4949425,0
72226,2012-03-15,0.7752779,1
72227,2012-03-15,0.067175396,0
72228,2012-03-15,0.19961625,0
72229,2012-03-15,0.18294108,0
72230,2012-03-15,0.22825858,0
72231,2012-03-15,0.2154965,1
72232,2012-03-15,0.38929987,0
72233,2012-03-15,0.51602066,1
72234,2012-03-15,0.39088276,0
72235,2012-03-15,0.078259565,1
72236,2012-03-15,0.14792849,0
72237,2012-03-15,0.6868139,0
72238,2012-03-15,0.13789545,1
72239,2012-03-15,0.12084258,1
72240,2012-03-15,0.4764694,1
72241,2012-03-15,0.46524224,1
72242,2012-03-15,0.7477307,0
72243,2012-03-15,0.5518733,1
72244,2012-03-15,0.24070954,1
72245,2012-03-15,0.7525831,0
72246,2012-03-15,0.026414959,0
72247,2012-03-15,0.30905446,0
72248,2012-03-15,0.5258081,0
72249,2012-03-15,0.44901904,1
72250,2012-03-15,0.48215345,0
72251,2012-03-15,0.73980784,0
72252,2012-03-15,0.6616073,1
72253,2012-03-15,0.74139816,0
72254,2012-03-15,0.14627263,0
72255,2012-03-15,0.74827254,1
72256,2012-03-15,0.6492294,0
72257,2012-03-15,0.18244754,0
72258,2012-03-15,0.45568773,0
72259,2012-03-15,0.46006304,1
72260,2012-03-15,0.088572696,0
72261,2012-03-15,0.2014779,0
72262,2012-03-15,0.09354558,0
72263,2012-03-15,0.11856851,0
72264,2012-03-15,0.31682613,0
72265,2012-03-15,0.6592583,1
72266,2012-03-15,0.20201063,0
72267,2012-03-15,0.3349863,1
72268,2012-03-15,0.36331,0
72269,2012-03-15,0.13326877,0
72270,2012-03-15,0.24967338,0
72271,2012-03-15,0.1917459,1
72272,2012-03-15,0.30831602,1
72273,2012-03-15,0.050886624,0
72274,2012-03-15,0.31700137,0
72275,2012-03-15,0.27930477,0
72276,2012-03-15,0.091821335,1
72277,2012-03-15,0.24691159,0
72278,2012-03-15,0.16295126,0
72279,2012-03-15,0.18920249,0
72280,2012-03-15,0.34981796,1
72281,2012-03-15,0.627139,1
72282,2012-03-15,0.5742943,1
72283,2012-03-15,0.16568503,0
72284,2012-03-15,0.8451953,0
72285,2012-03-15,0.102647014,1
72286,2012-03-15,0.5162094,0
72287,2012-03-15,0.05324386,0
72288,2012-03-15,0.35975137,0
72289,2012-03-15,0.23062024,0
72290,2012-03-15,0.4802795,0
72291,2012-03-15,0.1889786,0
72292,2012-03-15,0.7196251,0
72293,2012-03-15,0.28604248,0
72294,2012-03-15,0.32263806,1
72295,2012-03-15,0.036484193,0
72296,2012-03-15,0.20847037,1
72297,2012-03-15,0.38298306,1
72298,2012-03-15,0.25039282,0
72299,2012-03-15,0.34541047,0
72300,2012-03-15,0.3773667,0
72301,2012-03-15,0.17531605,1
72302,2012-03-15,0.31759757,1
72303,2012-03-15,0.48089713,0
72304,2012-03-15,0.45756805,0
72305,2012-03-15,0.60754216,1
72306,2012-03-15,0.04943626,0
72307,2012-03-15,0.40317124,0
72308,2012-03-15,0.346699,0
72309,2012-03-15,0.06150487,0
72310,2012-03-15,0.7109736,1
72311,2012-03-15,0.45501325,0
72312,2012-03-15,0.11963485,0
72313,2012-03-15,0.057406664,0
72314,2012-03-15,0.16671559,0
72315,2012-03-15,0.32056615,0
72316,2012-03-15,0.38111383,0
72317,2012-03-15,0.23982641,1
72318,2012-03-15,0.30279794,0
72319,2012-03-15,0.08992894,0
72320,2012-03-15,0.65965706,0
72321,2012-03-15,0.06663651,1
72322,2012-03-15,0.18886492,1
72323,2012-03-15,0.37936088,0
72324,2012-03-15,0.18565282,0
72325,2012-03-15,0.46943295,0
72326,2012-03-15,0.33365852,1
72327,2012-03-15,0.4976531,0
72328,2012-03-15,0.8014447,0
72329,2012-03-16,0.5678709,0
72330,2012-03-16,0.2848469,0
72331,2012-03-16,0.15106419,0
72332,2012-03-16,0.19845748,0
72333,2012-03-16,0.11270117,0
72334,2012-03-16,0.6777727,0
72335,2012-03-16,0.26335207,1
72336,2012-03-16,0.5768452,1
72337,2012-03-16,0.20055875,0
72338,2012-03-16,0.7965438,1
72339,2012-03-16,0.2195074,0
72340,2012-03-16,0.18046121,0
72341,2012-03-16,0.024161484,0
72342,2012-03-16,0.37243202,1
72343,2012-03-16,0.29919365,0
72344,2012-03-16,0.16984747,0
72345,2012-03-16,0.2757566,0
72346,2012-03-16,0.3495151,0
72347,2012-03-16,0.34897837,1
72348,2012-03-16,0.11413284,0
72349,2012-03-16,0.23317046,0
72350,2012-03-16,0.065465346,0
72351,2012-03-16,0.27814737,0
72352,2012-03-16,0.36832204,0
72353,2012-03-16,0.34873167,0
72354,2012-03-16,0.4080606,1
72355,2012-03-16,0.38273123,1
72356,2012-03-16,0.122289374,0
72357,2012-03-16,0.23628016,1
72358,2012-03-16,0.5821475,1
72359,2012-03-16,0.35293064,0
72360,2012-03-16,0.7310801,1
72361,2012-03-16,0.07682271,0
72362,2012-03-16,0.6759471,1
72363,2012-03-16,0.8842156,0
72364,2012-03-16,0.45385307,0
72365,2012-03-16,0.20662178,0
72366,2012-03-16,0.15005572,0
72367,2012-03-16,0.67039454,1
72368,2012-03-16,0.30013672,0
72369,2012-03-16,0.07695398,0
72370,2012-03-16,0.3279247,0
72371,2012-03-16,0.78186893,1
72372,2012-03-16,0.07937157,0
72373,2012-03-16,0.060345292,0
72374,2012-03-16,0.05115452,0
72375,2012-03-16,0.32325396,0
72376,2012-03-16,0.29752064,1
72377,2012-03-16,0.15458629,1
72378,2012-03-16,0.34786814,1
72379,2012-03-16,0.42900246,0
72380,2012-03-16,0.32224217,0
72381,2012-03-16,0.6734049,0
72382,2012-03-16,0.12525477,0
72383,2012-03-16,0.24069592,1
72384,2012-03-16,0.73814374,1
72385,2012-03-16,0.17412065,0
72386,2012-03-16,0.76594937,1
72387,2012-03-16,0.07772234,0
72388,2012-03-16,0.26258856,0
72389,2012-03-16,0.66382384,1
72390,2012-03-16,0.2494494,1
72391,2012-03-16,0.71216714,0
72392,2012-03-16,0.52038705,1
72393,2012-03-16,0.47408035,1
72394,2012-03-16,0.2922797,0
72395,2012-03-16,0.1106805,0
72396,2012-03-16,0.44721988,0
72397,2012-03-16,0.22434856,0
72398,2012-03-16,0.3739696,0
72399,2012-03-16,0.2637292,1
72400,2012-03-16,0.45121866,0
72401,2012-03-16,0.41724694,0
72402,2012-03-16,0.43538725,1
72403,2012-03-16,0.07680733,0
72404,2012-03-16,0.26477492,0
72405,2012-03-16,0.14826028,1
72406,2012-03-16,0.4081545,0
72407,2012-03-16,0.47775665,0
72408,2012-03-16,0.3005685,0
72409,2012-03-16,0.1941997,0
72410,2012-03-16,0.19532436,1
72411,2012-03-16,0.031977758,0
72412,2012-03-16,0.36884126,0
72413,2012-03-16,0.6108631,1
72414,2012-03-16,0.77154386,1
72415,2012-03-16,0.47046515,1
72416,2012-03-16,0.47623914,0
72417,2012-03-16,0.14530137,0
72418,2012-03-16,0.29461223,1
72419,2012-03-16,0.044735808,0
72420,2012-03-16,0.22797796,1
72421,2012-03-16,0.5995039,1
72422,2012-03-16,0.44382694,0
72423,2012-03-16,0.2787929,0
72424,2012-03-16,0.7628285,1
72425,2012-03-16,0.47209612,0
72426,2012-03-16,0.3373422,1
72427,2012-03-16,0.22335675,1
72428,2012-03-16,0.28134197,0
72429,2012-03-16,0.21943648,1
72430,2012-03-16,0.16109636,1
72431,2012-03-16,0.2588992,0
72432,2012-03-16,0.5103562,0
72433,2012-03-16,0.19716837,0
72434,2012-03-16,0.16989538,0
72435,2012-03-16,0.12633373,0
72436,2012-03-16,0.25941604,1
72437,2012-03-16,0.09471774,0
72438,2012-03-16,0.34084308,0
72439,2012-03-16,0.35612842,1
72440,2012-03-16,0.16943201,0
72441,2012-03-16,0.543544,1
72442,2012-03-16,0.15294941,0
72443,2012-03-16,0.49889863,1
72444,2012-03-16,0.2277152,1
72445,2012-03-16,0.41180038,1
72446,2012-03-16,0.38068455,0
72447,2012-03-16,0.14420904,0
72448,2012-03-16,0.2610098,0
72449,2012-03-16,0.7435298,0
72450,2012-03-16,0.48354042,0
72451,2012-03-16,0.07682271,0
72452,2012-03-16,0.4024731,0
72453,2012-03-16,0.19526957,0
72454,2012-03-16,0.3186082,0
72455,2012-03-16,0.69881904,0
72456,2012-03-16,0.2161836,1
72457,2012-03-16,0.23520993,0
72458,2012-03-16,0.43646702,0
72459,2012-03-16,0.23219657,0
72460,2012-03-16,0.55195355,1
72461,2012-03-16,0.559789,1
72462,2012-03-16,0.61747676,1
72463,2012-03-16,0.1262877,0
72464,2012-03-16,0.10644645,0
72465,2012-03-16,0.39970672,0
72466,2012-03-16,0.3248294,0
72467,2012-03-16,0.14460543,0
72468,2012-03-16,0.31459942,0
72469,2012-03-16,0.42794144,1
72470,2012-03-16,0.2510895,1
72471,2012-03-16,0.122396044,0
72472,2012-03-16,0.24495953,0
72473,2012-03-16,0.51560444,1
72474,2012-03-16,0.54802066,0
72475,2012-03-16,0.23452882,0
72476,2012-03-16,0.51568663,0
72477,2012-03-16,0.69845617,0
72478,2012-03-16,0.7023061,0
72479,2012-03-16,0.32271677,0
72480,2012-03-16,0.27538258,0
72481,2012-03-16,0.6483129,0
72482,2012-03-16,0.41476086,1
72483,2012-03-16,0.30435127,0
72484,2012-03-16,0.7466409,1
72485,2012-03-16,0.21215357,1
72486,2012-03-16,0.7535442,0
72487,2012-03-16,0.37870827,0
72488,2012-03-16,0.6416346,0
72489,2012-03-16,0.4356856,0
72490,2012-03-16,0.7563931,1
72491,2012-03-16,0.15523352,1
72492,2012-03-16,0.20344402,0
72493,2012-03-16,0.9089455,0
72494,2012-03-16,0.75887203,1
72495,2012-03-16,0.20272037,0
72496,2012-03-16,0.3909041,0
72497,2012-03-16,0.12497782,1
72498,2012-03-16,0.099697486,0
72499,2012-03-16,0.4497838,1
72500,2012-03-16,0.018103268,0
72501,2012-03-16,0.4142214,1
72502,2012-03-16,0.3484877,0
72503,2012-03-16,0.20335451,0
72504,2012-03-16,0.5130822,0
72505,2012-03-16,0.7776112,1
72506,2012-03-16,0.2206986,0
72507,2012-03-16,0.43207344,0
72508,2012-03-16,0.47180596,1
72509,2012-03-16,0.38930705,0
72510,2012-03-16,0.40262014,0
72511,2012-03-16,0.4473445,0
72512,2012-03-16,0.17628351,0
72513,2012-03-16,0.3515406,1
72514,2012-03-16,0.0960091,0
72515,2012-03-16,0.06635368,0
72516,2012-03-16,0.30452228,0
72517,2012-03-16,0.4336258,1
72518,2012-03-16,0.6723255,1
72519,2012-03-16,0.79111385,0
72520,2012-03-16,0.23402287,1
72521,2012-03-16,0.255841,0
72522,2012-03-16,0.2194136,0
72523,2012-03-16,0.21150236,1
72524,2012-03-16,0.50155604,0
72525,2012-03-16,0.008217323,0
72526,2012-03-16,0.3886045,0
72527,2012-03-16,0.37407532,1
72528,2012-03-16,0.1282868,0
72529,2012-03-16,0.12005416,0
72530,2012-03-16,0.8084292,1
72531,2012-03-16,0.3503098,0
72532,2012-03-16,0.2849196,0
72533,2012-03-16,0.12860985,0
72534,2012-03-16,0.080275506,0
72535,2012-03-16,0.20471075,0
72536,2012-03-16,0.5214193,0
72537,2012-03-16,0.27260846,1
72538,2012-03-16,0.7149368,0
72539,2012-03-16,0.837756,1
72540,2012-03-16,0.24447711,0
72541,2012-03-16,0.8181298,0
72542,2012-03-16,0.38894865,0
72543,2012-03-16,0.10575445,0
72544,2012-03-16,0.20266514,0
72545,2012-03-16,0.060034305,0
72546,2012-03-16,0.19696255,0
72547,2012-03-16,0.45548445,1
72548,2012-03-16,0.0900823,0
72549,2012-03-16,0.5792317,0
72550,2012-03-16,0.16765209,0
72551,2012-03-16,0.04958707,0
72552,2012-03-16,0.07563722,1
72553,2012-03-16,0.05205333,0
72554,2012-03-16,0.29752338,1
72555,2012-03-16,0.18426013,1
72556,2012-03-16,0.25675285,0
72557,2012-03-16,0.30779958,0
72558,2012-03-16,0.31692067,0
72559,2012-03-16,0.5304499,0
72560,2012-03-16,0.34358773,0
72561,2012-03-16,0.60038704,0
72562,2012-03-16,0.39520997,0
72563,2012-03-16,0.3294989,0
72564,2012-03-16,0.6074708,0
72565,2012-03-16,0.08186838,1
72566,2012-03-16,0.099433765,0
72567,2012-03-16,0.7752483,1
72568,2012-03-16,0.21044591,0
72569,2012-03-16,0.19694005,0
72570,2012-03-16,0.5654505,0
72571,2012-03-16,0.7760702,0
72572,2012-03-16,0.32873142,0
72573,2012-03-16,0.19937316,0
72574,2012-03-16,0.84643686,1
72575,2012-03-16,0.7368577,0
72576,2012-03-16,0.47456488,1
72577,2012-03-16,0.44635022,1
72578,2012-03-16,0.1078272,0
72579,2012-03-16,0.13802628,0
72580,2012-03-16,0.25807607,0
72581,2012-03-16,0.43275878,0
72582,2012-03-16,0.3557998,0
72583,2012-03-16,0.63887835,0
72584,2012-03-16,0.33103806,0
72585,2012-03-16,0.14538951,0
72586,2012-03-16,0.7646626,0
72587,2012-03-16,0.21823864,0
72588,2012-03-16,0.4842551,0
72589,2012-03-16,0.66436905,1
72590,2012-03-16,0.38621995,0
72591,2012-03-16,0.02318865,0
72592,2012-03-16,0.15828957,0
72593,2012-03-16,0.14963244,1
72594,2012-03-16,0.1766877,0
72595,2012-03-16,0.3880178,0
72596,2012-03-16,0.12974264,0
72597,2012-03-16,0.08056355,0
72598,2012-03-16,0.24906184,1
72599,2012-03-16,0.26621825,0
72600,2012-03-16,0.25627828,0
72601,2012-03-16,0.28629616,0
72602,2012-03-16,0.25370842,0
72603,2012-03-16,0.13639772,1
72604,2012-03-16,0.6892553,0
72605,2012-03-16,0.16997795,0
72606,2012-03-16,0.46257606,0
72607,2012-03-16,0.11094795,0
72608,2012-03-16,0.60422003,1
72609,2012-03-16,0.41485792,0
72610,2012-03-16,0.45897233,0
72611,2012-03-16,0.8231416,0
72612,2012-03-16,0.80644315,1
72613,2012-03-16,0.10628225,0
72614,2012-03-16,0.1331883,0
72615,2012-03-16,0.1521341,0
72616,2012-03-16,0.48549372,1
72617,2012-03-16,0.05358511,0
72618,2012-03-16,0.1009999,0
72619,2012-03-16,0.33148715,0
72620,2012-03-16,0.37896875,1
72621,2012-03-16,0.15116954,1
72622,2012-03-16,0.0210489,0
72623,2012-03-16,0.48855764,0
72624,2012-03-16,0.40184408,0
72625,2012-03-16,0.271215,1
72626,2012-03-16,0.69443965,0
72627,2012-03-16,0.6933168,0
72628,2012-03-16,0.49476558,0
72629,2012-03-16,0.26163495,0
72630,2012-03-16,0.12797248,0
72631,2012-03-16,0.355466,1
72632,2012-03-16,0.48428676,0
72633,2012-03-16,0.13922322,1
72634,2012-03-16,0.4099128,1
72635,2012-03-16,0.3877269,0
72636,2012-03-16,0.3853686,1
72637,2012-03-16,0.14307775,0
72638,2012-03-16,0.39528513,1
72639,2012-03-16,0.5138075,1
72640,2012-03-16,0.03868115,0
72641,2012-03-16,0.15886642,1
72642,2012-03-16,0.065587506,0
72643,2012-03-16,0.5956353,0
72644,2012-03-16,0.4455245,1
72645,2012-03-16,0.12791215,0
72646,2012-03-16,0.07865349,0
72647,2012-03-16,0.19839774,0
72648,2012-03-16,0.8480795,1
72649,2012-03-16,0.55921143,1
72650,2012-03-16,0.16835912,0
72651,2012-03-16,0.51754725,0
72652,2012-03-16,0.67758656,0
72653,2012-03-16,0.26547265,0
72654,2012-03-16,0.0474541,1
72655,2012-03-16,0.4595857,0
72656,2012-03-16,0.11661329,1
72657,2012-03-16,0.13938364,1
72658,2012-03-16,0.47078273,0
72659,2012-03-16,0.59252876,0
72660,2012-03-16,0.28937677,0
72661,2012-03-16,0.3241905,0
72662,2012-03-16,0.3367409,1
72663,2012-03-16,0.33098802,0
72664,2012-03-16,0.4595151,0
72665,2012-03-16,0.012286699,0
72666,2012-03-16,0.21340187,0
72667,2012-03-16,0.74025047,1
72668,2012-03-16,0.1079733,0
72669,2012-03-16,0.435075,0
72670,2012-03-16,0.48755476,0
72671,2012-03-16,0.32513598,0
72672,2012-03-16,0.5371565,1
72673,2012-03-16,0.5523168,0
72674,2012-03-16,0.12929045,1
72675,2012-03-16,0.22158031,1
72676,2012-03-16,0.10455453,0
72677,2012-03-16,0.4265343,0
72678,2012-03-16,0.08731278,0
72679,2012-03-16,0.40681705,1
72680,2012-03-16,0.41689378,1
72681,2012-03-16,0.22887884,0
72682,2012-03-16,0.40014213,1
72683,2012-03-16,0.020947639,0
72684,2012-03-16,0.3536238,1
72685,2012-03-16,0.055001494,0
72686,2012-03-16,0.35339686,1
72687,2012-03-16,0.1616505,0
72688,2012-03-16,0.34966016,1
72689,2012-03-16,0.6029552,0
72690,2012-03-16,0.09512427,0
72691,2012-03-16,0.27557987,0
72692,2012-03-16,0.06273054,0
72693,2012-03-16,0.14647827,1
72694,2012-03-16,0.39769238,1
72695,2012-03-16,0.12277488,1
72696,2012-03-16,0.4871926,0
72697,2012-03-16,0.75493854,1
72698,2012-03-16,0.20946416,0
72699,2012-03-16,0.3726202,0
72700,2012-03-16,0.50123304,1
72701,2012-03-16,0.8182159,1
72702,2012-03-16,0.48400286,0
72703,2012-03-16,0.3228984,0
72704,2012-03-16,0.3863984,0
72705,2012-03-16,0.8717109,1
72706,2012-03-16,0.73564726,1
72707,2012-03-16,0.75534195,1
72708,2012-03-16,0.5037838,0
72709,2012-03-16,0.21915074,0
72710,2012-03-16,0.12144044,0
72711,2012-03-16,0.123829626,0
72712,2012-03-16,0.168264,0
72713,2012-03-16,0.4623362,0
72714,2012-03-16,0.092266604,0
72715,2012-03-16,0.3584589,0
72716,2012-03-16,0.2387136,1
72717,2012-03-16,0.5751931,1
72718,2012-03-16,0.21081494,1
72719,2012-03-16,0.07413391,0
72720,2012-03-16,0.21566457,0
72721,2012-03-16,0.07923126,0
72722,2012-03-16,0.21418275,0
72723,2012-03-16,0.442927,0
72724,2012-03-16,0.18484432,0
72725,2012-03-16,0.105175346,0
72726,2012-03-16,0.07912233,0
72727,2012-03-16,0.31950277,0
72728,2012-03-16,0.5364896,1
72729,2012-03-16,0.45593938,1
72730,2012-03-16,0.40953216,1
72731,2012-03-16,0.43715402,0
72732,2012-03-16,0.5053032,0
72733,2012-03-16,0.60282606,1
72734,2012-03-16,0.16191974,0
72735,2012-03-16,0.15443648,0
72736,2012-03-16,0.41397002,0
72737,2012-03-16,0.3518308,1
72738,2012-03-16,0.21824373,1
72739,2012-03-16,0.15434551,0
72740,2012-03-16,0.7169212,0
72741,2012-03-16,0.7432389,1
72742,2012-03-16,0.4359919,0
72743,2012-03-16,0.012921884,0
72744,2012-03-16,0.35158864,0
72745,2012-03-16,0.44215164,0
72746,2012-03-16,0.1903415,1
72747,2012-03-16,0.56752455,1
72748,2012-03-16,0.5599345,0
72749,2012-03-16,0.17541948,0
72750,2012-03-16,0.10925339,0
72751,2012-03-16,0.88578236,1
72752,2012-03-16,0.52782136,0
72753,2012-03-16,0.39884368,0
72754,2012-03-16,0.4808215,1
72755,2012-03-16,0.6529281,1
72756,2012-03-16,0.2687437,0
72757,2012-03-16,0.059295014,0
72758,2012-03-16,0.7905391,1
72759,2012-03-16,0.029487444,0
72760,2012-03-16,0.5372883,0
72761,2012-03-16,0.5321228,1
72762,2012-03-16,0.077657215,1
72763,2012-03-16,0.79985535,1
72764,2012-03-16,0.677932,0
72765,2012-03-16,0.07478969,0
72766,2012-03-16,0.06364136,0
72767,2012-03-16,0.6537703,1
72768,2012-03-16,0.31435174,0
72769,2012-03-16,0.29667172,0
72770,2012-03-16,0.4022485,0
72771,2012-03-16,0.078864016,0
72772,2012-03-16,0.16992025,0
72773,2012-03-16,0.1641082,0
72774,2012-03-16,0.02923074,0
72775,2012-03-16,0.6909722,1
72776,2012-03-16,0.38998163,0
72777,2012-03-16,0.13243939,0
72778,2012-03-16,0.30275092,0
72779,2012-03-16,0.21617928,0
72780,2012-03-16,0.0945183,0
72781,2012-03-16,0.67168933,0
72782,2012-03-16,0.3015524,1
72783,2012-03-16,0.15015268,0
72784,2012-03-16,0.108135626,0
72785,2012-03-16,0.21461771,0
72786,2012-03-16,0.44526485,0
72787,2012-03-16,0.07127128,0
72788,2012-03-16,0.28459522,0
72789,2012-03-16,0.029378805,0
72790,2012-03-16,0.16435428,0
72791,2012-03-16,0.2832964,0
72792,2012-03-16,0.261965,1
72793,2012-03-16,0.40034896,0
72794,2012-03-16,0.30488646,0
72795,2012-03-16,0.4347779,1
72796,2012-03-16,0.48936495,0
72797,2012-03-16,0.04430614,0
72798,2012-03-16,0.088520244,0
72799,2012-03-16,0.5326538,0
72800,2012-03-16,0.20252872,0
72801,2012-03-16,0.06398271,0
72802,2012-03-16,0.31695753,1
72803,2012-03-16,0.06898554,0
72804,2012-03-16,0.3881809,0
72805,2012-03-16,0.42706186,0
72806,2012-03-16,0.10268292,1
72807,2012-03-16,0.2895983,0
72808,2012-03-16,0.6752829,1
72809,2012-03-16,0.3273584,1
72810,2012-03-16,0.28533825,1
72811,2012-03-16,0.14228287,0
72812,2012-03-16,0.15441366,0
72813,2012-03-16,0.33901134,0
72814,2012-03-16,0.04902556,0
72815,2012-03-16,0.023091221,0
72816,2012-03-16,0.41902018,0
72817,2012-03-16,0.5915237,0
72818,2012-03-16,0.062722445,0
72819,2012-03-16,0.18805414,0
72820,2012-03-16,0.16641662,0
72821,2012-03-16,0.4049452,0
72822,2012-03-16,0.09672143,1
72823,2012-03-16,0.1597676,0
72824,2012-03-16,0.63316315,1
72825,2012-03-16,0.0751035,1
72826,2012-03-16,0.31200925,0
72827,2012-03-16,0.57603204,0
72828,2012-03-16,0.06593574,0
72829,2012-03-16,0.25267804,0
72830,2012-03-16,0.24361609,0
72831,2012-03-16,0.36993003,0
72832,2012-03-16,0.5716838,0
72833,2012-03-16,0.13459902,0
72834,2012-03-16,0.466378,0
72835,2012-03-16,0.03202916,1
72836,2012-03-16,0.24907163,1
72837,2012-03-16,0.18218069,0
72838,2012-03-16,0.697613,0
72839,2012-03-16,0.6028377,1
72840,2012-03-16,0.40832493,1
72841,2012-03-16,0.30180487,0
72842,2012-03-16,0.3460602,1
72843,2012-03-16,0.19735005,0
72844,2012-03-16,0.09878433,0
72845,2012-03-16,0.41991276,1
72846,2012-03-16,0.06372686,0
72847,2012-03-16,0.03841359,0
72848,2012-03-16,0.38027245,0
72849,2012-03-16,0.627307,0
72850,2012-03-16,0.12854075,0
72851,2012-03-16,0.8936622,0
72852,2012-03-16,0.40789196,1
72853,2012-03-16,0.94859,1
72854,2012-03-16,0.32793835,0
72855,2012-03-16,0.23737504,0
72856,2012-03-16,0.75821793,0
72857,2012-03-16,0.034416165,1
72858,2012-03-16,0.31277585,0
72859,2012-03-16,0.3651804,0
72860,2012-03-16,0.27879208,1
72861,2012-03-16,0.67992264,1
72862,2012-03-16,0.79645497,0
72863,2012-03-16,0.7413628,0
72864,2012-03-16,0.7138531,1
72865,2012-03-16,0.16063234,0
72866,2012-03-16,0.25859642,0
72867,2012-03-16,0.5453779,1
72868,2012-03-16,0.42492712,1
72869,2012-03-16,0.16208358,0
72870,2012-03-16,0.3888841,1
72871,2012-03-16,0.30138195,0
72872,2012-03-16,0.32263997,0
72873,2012-03-16,0.20688137,0
72874,2012-03-16,0.4174825,0
72875,2012-03-16,0.4727324,0
72876,2012-03-16,0.43872216,0
72877,2012-03-16,0.68383455,0
72878,2012-03-16,0.43224883,0
72879,2012-03-16,0.22285078,1
72880,2012-03-16,0.26975018,1
72881,2012-03-16,0.12032722,0
72882,2012-03-16,0.16132948,0
72883,2012-03-16,0.010053223,0
72884,2012-03-16,0.067754865,1
72885,2012-03-16,0.5141723,1
72886,2012-03-16,0.50065684,0
72887,2012-03-16,0.63112575,1
72888,2012-03-16,0.115284264,1
72889,2012-03-16,0.6382643,1
72890,2012-03-16,0.043127473,0
72891,2012-03-16,0.08203362,0
72892,2012-03-16,0.7713755,1
72893,2012-03-16,0.2757652,1
72894,2012-03-16,0.11796196,0
72895,2012-03-16,0.4461025,0
72896,2012-03-16,0.06852325,0
72897,2012-03-16,0.16621397,1
72898,2012-03-16,0.12420438,0
72899,2012-03-16,0.116549395,1
72900,2012-03-16,0.18681584,0
72901,2012-03-16,0.59990394,1
72902,2012-03-16,0.15895319,0
72903,2012-03-16,0.07952915,1
72904,2012-03-16,0.46328363,1
72905,2012-03-16,0.34702078,0
72906,2012-03-16,0.10843752,0
72907,2012-03-17,0.1904814,0
72908,2012-03-17,0.47159535,0
72909,2012-03-17,0.23852284,0
72910,2012-03-17,0.11572675,1
72911,2012-03-17,0.36359,1
72912,2012-03-17,0.14194125,0
72913,2012-03-17,0.103848495,0
72914,2012-03-17,0.32970354,0
72915,2012-03-17,0.5560263,0
72916,2012-03-17,0.16834223,0
72917,2012-03-17,0.7176354,1
72918,2012-03-17,0.4090703,1
72919,2012-03-17,0.8762931,0
72920,2012-03-17,0.38415822,1
72921,2012-03-17,0.28485823,0
72922,2012-03-17,0.15921706,0
72923,2012-03-17,0.16282028,0
72924,2012-03-17,0.67187613,1
72925,2012-03-17,0.07138517,0
72926,2012-03-17,0.055899482,1
72927,2012-03-17,0.7150286,1
72928,2012-03-17,0.16533354,0
72929,2012-03-17,0.32549554,0
72930,2012-03-17,0.35728502,0
72931,2012-03-17,0.511658,1
72932,2012-03-17,0.2163467,0
72933,2012-03-17,0.30477715,0
72934,2012-03-17,0.049841702,0
72935,2012-03-17,0.58402383,0
72936,2012-03-17,0.36593726,0
72937,2012-03-17,0.078768015,0
72938,2012-03-17,0.35185993,0
72939,2012-03-17,0.22543554,0
72940,2012-03-17,0.5337073,0
72941,2012-03-17,0.44057602,0
72942,2012-03-17,0.5253151,0
72943,2012-03-17,0.92748785,0
72944,2012-03-17,0.013117598,0
72945,2012-03-17,0.3200208,0
72946,2012-03-17,0.32293588,1
72947,2012-03-17,0.22737028,1
72948,2012-03-17,0.102219366,0
72949,2012-03-17,0.6971156,1
72950,2012-03-17,0.52139336,1
72951,2012-03-17,0.25351793,0
72952,2012-03-17,0.5085712,1
72953,2012-03-17,0.46895632,1
72954,2012-03-17,0.23132937,0
72955,2012-03-17,0.54246044,0
72956,2012-03-17,0.42572674,1
72957,2012-03-17,0.35910764,1
72958,2012-03-17,0.120430395,0
72959,2012-03-17,0.60445607,0
72960,2012-03-17,0.12783471,1
72961,2012-03-17,0.35133716,0
72962,2012-03-17,0.13132514,1
72963,2012-03-17,0.3535514,0
72964,2012-03-17,0.45792446,1
72965,2012-03-17,0.25973776,1
72966,2012-03-17,0.3472712,0
72967,2012-03-17,0.18385698,1
72968,2012-03-17,0.07664041,0
72969,2012-03-17,0.06006313,0
72970,2012-03-17,0.3331799,1
72971,2012-03-17,0.17666428,0
72972,2012-03-17,0.16431454,0
72973,2012-03-17,0.078235105,0
72974,2012-03-17,0.27703938,1
72975,2012-03-17,0.09644937,0
72976,2012-03-17,0.055178512,0
72977,2012-03-17,0.17370437,1
72978,2012-03-17,0.61009103,1
72979,2012-03-17,0.5211791,0
72980,2012-03-17,0.20485109,1
72981,2012-03-17,0.33676803,1
72982,2012-03-17,0.24624686,0
72983,2012-03-17,0.454705,1
72984,2012-03-17,0.07939645,0
72985,2012-03-17,0.3828688,1
72986,2012-03-17,0.13257776,0
72987,2012-03-17,0.22753507,0
72988,2012-03-17,0.28705162,0
72989,2012-03-17,0.47626296,1
72990,2012-03-17,0.31522706,0
72991,2012-03-17,0.31394646,0
72992,2012-03-17,0.42179355,0
72993,2012-03-17,0.46113113,1
72994,2012-03-17,0.65582794,0
72995,2012-03-17,0.24604404,1
72996,2012-03-17,0.36900112,1
72997,2012-03-17,0.050868116,0
72998,2012-03-17,0.028748652,0
72999,2012-03-17,0.14141199,0
73000,2012-03-17,0.086038284,0
73001,2012-03-17,0.26165658,0
73002,2012-03-17,0.32488889,0
73003,2012-03-17,0.19718133,0
73004,2012-03-17,0.39153406,1
73005,2012-03-17,0.28840202,0
73006,2012-03-17,0.11532815,0
73007,2012-03-17,0.29018816,0
73008,2012-03-17,0.07718288,0
73009,2012-03-17,0.3962918,0
73010,2012-03-17,0.89500356,1
73011,2012-03-17,0.7853261,0
73012,2012-03-17,0.42238048,1
73013,2012-03-17,0.22468959,0
73014,2012-03-17,0.347721,1
73015,2012-03-17,0.4456275,1
73016,2012-03-17,0.29018548,0
73017,2012-03-17,0.1796814,1
73018,2012-03-17,0.5321263,0
73019,2012-03-17,0.5701874,1
73020,2012-03-17,0.1139989,0
73021,2012-03-17,0.10543878,0
73022,2012-03-17,0.10295148,0
73023,2012-03-17,0.6995207,0
73024,2012-03-17,0.22534397,0
73025,2012-03-17,0.42821044,1
73026,2012-03-17,0.53507584,0
73027,2012-03-17,0.7355096,1
73028,2012-03-17,0.07448836,0
73029,2012-03-17,0.50921094,0
73030,2012-03-17,0.26657143,0
73031,2012-03-17,0.0239714,0
73032,2012-03-17,0.28910562,1
73033,2012-03-17,0.14524284,0
73034,2012-03-17,0.22407821,1
73035,2012-03-17,0.38360906,1
73036,2012-03-17,0.49757683,1
73037,2012-03-17,0.068645485,0
73038,2012-03-17,0.10575386,0
73039,2012-03-17,0.60543245,0
73040,2012-03-17,0.31875578,0
73041,2012-03-17,0.4733256,0
73042,2012-03-17,0.18480757,0
73043,2012-03-17,0.3971077,1
73044,2012-03-17,0.36233333,1
73045,2012-03-17,0.0491971,0
73046,2012-03-17,0.11621547,0
73047,2012-03-17,0.5442073,1
73048,2012-03-17,0.07390649,0
73049,2012-03-17,0.2608,0
73050,2012-03-17,0.26526573,1
73051,2012-03-17,0.50642174,1
73052,2012-03-17,0.07274798,1
73053,2012-03-17,0.44774738,0
73054,2012-03-17,0.27931285,0
73055,2012-03-17,0.1030221,0
73056,2012-03-17,0.740628,0
73057,2012-03-17,0.74160415,0
73058,2012-03-17,0.35738608,0
73059,2012-03-17,0.36664227,0
73060,2012-03-17,0.1940571,0
73061,2012-03-17,0.24625793,0
73062,2012-03-17,0.34722117,0
73063,2012-03-17,0.07555741,0
73064,2012-03-17,0.77462935,0
73065,2012-03-17,0.07845829,0
73066,2012-03-17,0.44785905,1
73067,2012-03-17,0.5227175,0
73068,2012-03-17,0.33128822,0
73069,2012-03-17,0.09814394,0
73070,2012-03-17,0.5056795,0
73071,2012-03-17,0.776811,1
73072,2012-03-17,0.462179,0
73073,2012-03-17,0.65990984,1
73074,2012-03-17,0.44360098,1
73075,2012-03-17,0.314921,1
73076,2012-03-17,0.14727812,0
73077,2012-03-17,0.47625095,0
73078,2012-03-17,0.872945,1
73079,2012-03-17,0.30410355,0
73080,2012-03-17,0.34500203,0
73081,2012-03-17,0.07919055,0
73082,2012-03-17,0.16337447,0
73083,2012-03-17,0.7103324,0
73084,2012-03-17,0.33249146,1
73085,2012-03-17,0.44835436,0
73086,2012-03-17,0.4867288,0
73087,2012-03-17,0.411815,0
73088,2012-03-17,0.63562644,1
73089,2012-03-17,0.15309139,0
73090,2012-03-17,0.17646274,0
73091,2012-03-17,0.18754971,0
73092,2012-03-17,0.30974922,1
73093,2012-03-17,0.06966779,0
73094,2012-03-17,0.3222571,1
73095,2012-03-17,0.22767596,0
73096,2012-03-17,0.22150779,1
73097,2012-03-17,0.4915386,1
73098,2012-03-17,0.20566612,0
73099,2012-03-17,0.2178157,0
73100,2012-03-17,0.39673945,1
73101,2012-03-17,0.26716197,1
73102,2012-03-17,0.27831396,0
73103,2012-03-17,0.36446658,0
73104,2012-03-17,0.1742137,0
73105,2012-03-17,0.198843,0
73106,2012-03-17,0.74702686,1
73107,2012-03-17,0.18661137,1
73108,2012-03-17,0.70259535,0
73109,2012-03-17,0.1417079,0
73110,2012-03-17,0.08651176,0
73111,2012-03-17,0.19410051,0
73112,2012-03-17,0.2264168,0
73113,2012-03-17,0.29453623,0
73114,2012-03-17,0.35346326,0
73115,2012-03-17,0.20368028,1
73116,2012-03-17,0.058670208,0
73117,2012-03-17,0.43901572,1
73118,2012-03-17,0.674078,1
73119,2012-03-17,0.8735251,0
73120,2012-03-17,0.2319316,0
73121,2012-03-17,0.7792405,0
73122,2012-03-17,0.58597916,1
73123,2012-03-17,0.0594212,0
73124,2012-03-17,0.2817904,0
73125,2012-03-17,0.3863485,1
73126,2012-03-17,0.69846964,0
73127,2012-03-17,0.80087733,0
73128,2012-03-17,0.11514184,0
73129,2012-03-17,0.2442918,0
73130,2012-03-17,0.1846927,0
73131,2012-03-17,0.19646704,1
73132,2012-03-17,0.43474954,1
73133,2012-03-17,0.5617825,1
73134,2012-03-17,0.28976387,0
73135,2012-03-17,0.1470323,0
73136,2012-03-17,0.33686647,0
73137,2012-03-17,0.2317257,1
73138,2012-03-17,0.45491898,0
73139,2012-03-17,0.8709916,1
73140,2012-03-17,0.16329299,0
73141,2012-03-17,0.29252157,0
73142,2012-03-17,0.037862677,0
73143,2012-03-17,0.18523467,0
73144,2012-03-17,0.4370263,0
73145,2012-03-17,0.33220488,0
73146,2012-03-17,0.12306909,1
73147,2012-03-17,0.51694643,1
73148,2012-03-17,0.44890687,0
73149,2012-03-17,0.45918378,1
73150,2012-03-17,0.14426483,0
73151,2012-03-17,0.30907294,0
73152,2012-03-17,0.40032366,0
73153,2012-03-17,0.31799105,0
73154,2012-03-17,0.37021396,0
73155,2012-03-17,0.10113625,0
73156,2012-03-17,0.2868061,1
73157,2012-03-17,0.03936583,0
73158,2012-03-17,0.120510854,0
73159,2012-03-17,0.23115411,0
73160,2012-03-17,0.15024328,0
73161,2012-03-17,0.07536828,0
73162,2012-03-17,0.29029143,1
73163,2012-03-17,0.57797253,1
73164,2012-03-17,0.21967693,1
73165,2012-03-17,0.09871748,1
73166,2012-03-17,0.16183992,0
73167,2012-03-17,0.5796997,0
73168,2012-03-17,0.46572107,1
73169,2012-03-17,0.44198373,0
73170,2012-03-17,0.06836872,0
73171,2012-03-17,0.44174126,0
73172,2012-03-17,0.67223823,0
73173,2012-03-17,0.13768731,0
73174,2012-03-17,0.057921924,1
73175,2012-03-17,0.40140504,0
73176,2012-03-17,0.7485957,1
73177,2012-03-17,0.6289932,0
73178,2012-03-17,0.42651126,1
73179,2012-03-17,0.5807362,1
73180,2012-03-17,0.48157755,0
73181,2012-03-17,0.1236551,0
73182,2012-03-17,0.4750441,1
73183,2012-03-17,0.71898377,0
73184,2012-03-17,0.40942007,1
73185,2012-03-17,0.49064955,1
73186,2012-03-17,0.18613549,0
73187,2012-03-17,0.49832135,0
73188,2012-03-17,0.8153553,1
73189,2012-03-17,0.12039857,0
73190,2012-03-17,0.74501884,0
73191,2012-03-17,0.20180589,1
73192,2012-03-17,0.25050598,0
73193,2012-03-17,0.48318824,1
73194,2012-03-17,0.18541689,0
73195,2012-03-17,0.049613874,1
73196,2012-03-17,0.20028156,0
73197,2012-03-17,0.7365037,1
73198,2012-03-17,0.14656276,0
73199,2012-03-17,0.2542411,0
73200,2012-03-17,0.57106405,0
73201,2012-03-17,0.692804,0
73202,2012-03-17,0.042540397,0
73203,2012-03-17,0.1373759,0
73204,2012-03-17,0.2157807,0
73205,2012-03-17,0.2602947,0
73206,2012-03-17,0.65523756,1
73207,2012-03-17,0.16158085,0
73208,2012-03-17,0.16252819,0
73209,2012-03-17,0.7421475,1
73210,2012-03-17,0.48911312,1
73211,2012-03-17,0.39739335,0
73212,2012-03-17,0.6090396,0
73213,2012-03-17,0.53525984,1
73214,2012-03-17,0.25294396,0
73215,2012-03-17,0.124355294,0
73216,2012-03-17,0.24043481,0
73217,2012-03-17,0.107978724,1
73218,2012-03-17,0.5215191,1
73219,2012-03-17,0.09888798,0
73220,2012-03-17,0.08160595,0
73221,2012-03-17,0.2465634,0
73222,2012-03-17,0.5955851,1
73223,2012-03-17,0.34757522,1
73224,2012-03-17,0.037675563,0
73225,2012-03-17,0.6342338,1
73226,2012-03-17,0.4281363,0
73227,2012-03-17,0.63908666,0
73228,2012-03-17,0.46179917,1
73229,2012-03-17,0.64998454,0
73230,2012-03-17,0.11595246,0
73231,2012-03-17,0.3095945,0
73232,2012-03-17,0.27955735,0
73233,2012-03-17,0.3902423,0
73234,2012-03-17,0.5169088,1
73235,2012-03-17,0.21439204,1
73236,2012-03-17,0.082115434,0
73237,2012-03-17,0.30843472,1
73238,2012-03-17,0.22614026,0
73239,2012-03-17,0.09074851,0
73240,2012-03-17,0.5811315,0
73241,2012-03-17,0.63396937,1
73242,2012-03-17,0.25326973,1
73243,2012-03-17,0.4421806,1
73244,2012-03-17,0.64736885,1
73245,2012-03-17,0.5441804,0
73246,2012-03-17,0.76163685,1
73247,2012-03-17,0.42013198,1
73248,2012-03-17,0.23527165,0
73249,2012-03-17,0.172893,0
73250,2012-03-17,0.36172542,0
73251,2012-03-17,0.06949908,0
73252,2012-03-17,0.6072122,1
73253,2012-03-17,0.02670787,1
73254,2012-03-17,0.08658264,0
73255,2012-03-17,0.23254903,0
73256,2012-03-17,0.26420194,1
73257,2012-03-17,0.07436897,0
73258,2012-03-17,0.35041457,1
73259,2012-03-17,0.35077983,1
73260,2012-03-17,0.2449093,0
73261,2012-03-17,0.55016875,0
73262,2012-03-17,0.17430183,0
73263,2012-03-17,0.7866901,0
73264,2012-03-17,0.77584803,0
73265,2012-03-17,0.60242045,1
73266,2012-03-17,0.30158973,1
73267,2012-03-17,0.49509585,0
73268,2012-03-17,0.1754864,0
73269,2012-03-17,0.46983212,0
73270,2012-03-17,0.081948034,0
73271,2012-03-17,0.24327214,1
73272,2012-03-17,0.20937476,0
73273,2012-03-17,0.3834257,0
73274,2012-03-17,0.35258988,0
73275,2012-03-17,0.25439358,1
73276,2012-03-17,0.25361285,0
73277,2012-03-17,0.43724203,1
73278,2012-03-17,0.19626252,1
73279,2012-03-17,0.4785911,0
73280,2012-03-17,0.60255206,0
73281,2012-03-17,0.3086098,0
73282,2012-03-17,0.24466747,1
73283,2012-03-17,0.21832207,0
73284,2012-03-17,0.44817242,1
73285,2012-03-17,0.46627167,0
73286,2012-03-17,0.5423516,0
73287,2012-03-17,0.22952782,0
73288,2012-03-17,0.43104976,0
73289,2012-03-17,0.23607641,1
73290,2012-03-17,0.5570249,0
73291,2012-03-17,0.08058653,0
73292,2012-03-17,0.3852275,1
73293,2012-03-17,0.2129657,0
73294,2012-03-17,0.4165768,1
73295,2012-03-17,0.15466708,0
73296,2012-03-17,0.5163807,0
73297,2012-03-17,0.20066455,0
73298,2012-03-17,0.29975596,0
73299,2012-03-17,0.06830042,0
73300,2012-03-17,0.10537306,0
73301,2012-03-17,0.12447371,0
73302,2012-03-17,0.7776938,0
73303,2012-03-17,0.29040483,0
73304,2012-03-17,0.72828615,1
73305,2012-03-17,0.33471176,0
73306,2012-03-17,0.3351429,0
73307,2012-03-17,0.18173699,0
73308,2012-03-17,0.6146627,0
73309,2012-03-17,0.6567144,1
73310,2012-03-17,0.2075668,0
73311,2012-03-17,0.33762795,1
73312,2012-03-17,0.14570533,0
73313,2012-03-17,0.121870644,0
73314,2012-03-17,0.7911354,1
73315,2012-03-17,0.15461887,1
73316,2012-03-17,0.24557453,0
73317,2012-03-17,0.75489515,1
73318,2012-03-17,0.21931304,0
73319,2012-03-17,0.4565164,0
73320,2012-03-17,0.48182413,1
73321,2012-03-17,0.56171715,0
73322,2012-03-17,0.35087264,0
73323,2012-03-17,0.4826774,1
73324,2012-03-17,0.48327744,1
73325,2012-03-17,0.3448627,1
73326,2012-03-17,0.12750179,1
73327,2012-03-17,0.4584385,0
73328,2012-03-17,0.049203742,0
73329,2012-03-17,0.49103752,1
73330,2012-03-17,0.4502678,0
73331,2012-03-17,0.2331911,1
73332,2012-03-17,0.55278546,1
73333,2012-03-17,0.20312484,1
73334,2012-03-17,0.104443714,0
73335,2012-03-17,0.42720455,0
73336,2012-03-17,0.42152038,0
73337,2012-03-17,0.34108406,0
73338,2012-03-17,0.29026482,0
73339,2012-03-17,0.41007483,0
73340,2012-03-17,0.40779877,0
73341,2012-03-17,0.35859656,0
73342,2012-03-17,0.41690072,0
73343,2012-03-17,0.263666,0
73344,2012-03-17,0.12733443,0
73345,2012-03-17,0.5847344,1
73346,2012-03-17,0.12864605,0
73347,2012-03-17,0.7139965,1
73348,2012-03-17,0.5527013,1
73349,2012-03-17,0.70904726,1
73350,2012-03-17,0.17798604,0
73351,2012-03-17,0.13077573,0
73352,2012-03-17,0.14626813,0
73353,2012-03-17,0.6063298,1
73354,2012-03-17,0.09511697,0
73355,2012-03-17,0.4058493,0
73356,2012-03-17,0.59831315,0
73357,2012-03-17,0.2229636,1
73358,2012-03-17,0.23016575,0
73359,2012-03-17,0.07505416,1
73360,2012-03-17,0.1822786,1
73361,2012-03-17,0.34721288,0
73362,2012-03-17,0.3055608,0
73363,2012-03-17,0.15878423,1
73364,2012-03-17,0.096828885,1
73365,2012-03-17,0.6005668,0
73366,2012-03-17,0.3888435,1
73367,2012-03-17,0.2615293,0
73368,2012-03-17,0.18718772,0
73369,2012-03-17,0.30192673,1
73370,2012-03-17,0.46747005,1
73371,2012-03-17,0.48356384,0
73372,2012-03-17,0.32310525,0
73373,2012-03-17,0.0699106,0
73374,2012-03-17,0.22700322,0
73375,2012-03-17,0.28597438,0
73376,2012-03-17,0.4222466,0
73377,2012-03-17,0.5330231,1
73378,2012-03-17,0.68281084,0
73379,2012-03-17,0.37653765,1
73380,2012-03-17,0.19977333,0
73381,2012-03-17,0.5351447,0
73382,2012-03-17,0.97285616,0
73383,2012-03-17,0.50803596,1
73384,2012-03-17,0.8137291,1
73385,2012-03-17,0.23549213,1
73386,2012-03-17,0.33132842,1
73387,2012-03-17,0.35668495,1
73388,2012-03-17,0.4155474,1
73389,2012-03-17,0.45622376,0
73390,2012-03-17,0.17865372,1
73391,2012-03-17,0.06139191,0
73392,2012-03-17,0.108734146,0
73393,2012-03-17,0.061637353,1
73394,2012-03-17,0.449667,0
73395,2012-03-17,0.30500868,1
73396,2012-03-17,0.77986777,1
73397,2012-03-17,0.23455195,0
73398,2012-03-17,0.5107338,0
73399,2012-03-17,0.21576251,1
73400,2012-03-17,0.07412033,0
73401,2012-03-17,0.26318705,0
73402,2012-03-17,0.5538913,0
73403,2012-03-17,0.46374118,0
73404,2012-03-17,0.2526636,0
73405,2012-03-17,0.20679168,0
73406,2012-03-17,0.24396364,0
73407,2012-03-17,0.7656342,0
73408,2012-03-17,0.18865795,0
73409,2012-03-17,0.22856027,1
73410,2012-03-17,0.18303047,0
73411,2012-03-17,0.5987763,1
73412,2012-03-17,0.5570593,0
73413,2012-03-17,0.13596316,0
73414,2012-03-17,0.76243514,0
73415,2012-03-17,0.3446724,0
73416,2012-03-17,0.26523474,0
73417,2012-03-17,0.36341047,1
73418,2012-03-17,0.7139101,1
73419,2012-03-17,0.097986035,0
73420,2012-03-17,0.2336785,0
73421,2012-03-17,0.05056589,0
73422,2012-03-17,0.11009594,0
73423,2012-03-17,0.21822923,0
73424,2012-03-17,0.26541376,1
73425,2012-03-17,0.08325509,1
73426,2012-03-17,0.6480212,1
73427,2012-03-17,0.12912995,0
73428,2012-03-17,0.2509483,0
73429,2012-03-17,0.4222756,1
73430,2012-03-17,0.06569651,0
73431,2012-03-17,0.17430183,0
73432,2012-03-17,0.046042707,0
73433,2012-03-17,0.06548142,0
73434,2012-03-17,0.017273573,0
73435,2012-03-17,0.20829286,1
73436,2012-03-17,0.15627928,0
73437,2012-03-17,0.088076055,0
73438,2012-03-17,0.045220677,0
73439,2012-03-17,0.42062142,0
73440,2012-03-17,0.5965921,0
73441,2012-03-17,0.2749278,0
73442,2012-03-17,0.46283993,1
73443,2012-03-17,0.15740421,0
73444,2012-03-17,0.12778148,1
73445,2012-03-17,0.41125453,0
73446,2012-03-17,0.45958972,1
73447,2012-03-17,0.03831201,1
73448,2012-03-17,0.07850093,0
73449,2012-03-17,0.098308966,0
73450,2012-03-17,0.11882363,0
73451,2012-03-17,0.12450288,0
73452,2012-03-17,0.33262828,0
73453,2012-03-17,0.15904216,0
73454,2012-03-17,0.28926876,0
73455,2012-03-17,0.20355296,1
73456,2012-03-17,0.5282253,0
73457,2012-03-17,0.67960936,1
73458,2012-03-17,0.3558014,1
73459,2012-03-17,0.4860936,0
73460,2012-03-17,0.68297625,1
73461,2012-03-17,0.44797018,0
73462,2012-03-17,0.642684,1
73463,2012-03-17,0.1597428,0
73464,2012-03-17,0.289038,0
73465,2012-03-17,0.3349863,1
73466,2012-03-17,0.3470057,0
73467,2012-03-17,0.20934395,1
73468,2012-03-17,0.6268597,1
73469,2012-03-17,0.53111315,0
73470,2012-03-17,0.13055107,0
73471,2012-03-17,0.06731807,0
73472,2012-03-17,0.7128563,0
73473,2012-03-17,0.5165313,0
73474,2012-03-17,0.70231116,0
73475,2012-03-17,0.59385467,1
73476,2012-03-17,0.039013714,0
73477,2012-03-17,0.33185115,0
73478,2012-03-17,0.29944524,0
73479,2012-03-17,0.09697498,1
73480,2012-03-17,0.2692663,0
73481,2012-03-17,0.14270349,1
73482,2012-03-17,0.34404188,0
73483,2012-03-17,0.74304205,1
73484,2012-03-17,0.49220854,1
73485,2012-03-17,0.21816573,0
73486,2012-03-17,0.33516476,0
73487,2012-03-17,0.53302085,1
73488,2012-03-17,0.3464901,1
73489,2012-03-17,0.22459185,1
73490,2012-03-17,0.30316514,0
73491,2012-03-17,0.4373406,1
73492,2012-03-17,0.16874768,1
73493,2012-03-17,0.2788692,0
73494,2012-03-17,0.092426315,0
73495,2012-03-17,0.5065616,1
73496,2012-03-17,0.69588614,0
73497,2012-03-17,0.23377903,0
73498,2012-03-17,0.13290389,0
73499,2012-03-17,0.05201467,0
73500,2012-03-17,0.24379246,1
73501,2012-03-17,0.6595461,0
73502,2012-03-17,0.12900643,0
73503,2012-03-17,0.6227937,1
73504,2012-03-17,0.10674646,0
73505,2012-03-17,0.6354887,1
73506,2012-03-17,0.0667693,0
73507,2012-03-17,0.03636626,0
73508,2012-03-17,0.7908527,1
73509,2012-03-17,0.12057131,0
73510,2012-03-17,0.44328263,0
73511,2012-03-17,0.61964583,0
73512,2012-03-17,0.30156395,0
73513,2012-03-17,0.48485094,1
73514,2012-03-17,0.58217496,0
73515,2012-03-17,0.3845171,0
73516,2012-03-17,0.30776355,0
73517,2012-03-17,0.41652042,0
73518,2012-03-17,0.17870721,1
73519,2012-03-17,0.25375384,1
73520,2012-03-17,0.4381872,0
73521,2012-03-17,0.3528392,1
73522,2012-03-17,0.2625884,1
73523,2012-03-17,0.72018117,0
73524,2012-03-17,0.10275058,0
73525,2012-03-17,0.13229787,0
73526,2012-03-17,0.2592543,1
73527,2012-03-17,0.23111859,1
73528,2012-03-17,0.23322675,1
73529,2012-03-17,0.026461426,0
73530,2012-03-17,0.52308077,1
73531,2012-03-17,0.22073263,1
73532,2012-03-17,0.23077351,1
73533,2012-03-17,0.15562059,0
73534,2012-03-17,0.2167659,0
73535,2012-03-17,0.7054742,0
73536,2012-03-17,0.10957343,0
73537,2012-03-17,0.28189737,1
73538,2012-03-17,0.1772489,0
73539,2012-03-17,0.35345596,1
73540,2012-03-17,0.106986284,0
73541,2012-03-17,0.07234679,0
73542,2012-03-17,0.14093614,0
73543,2012-03-17,0.574453,0
73544,2012-03-17,0.06810322,0
73545,2012-03-17,0.83032894,0
73546,2012-03-17,0.3693806,1
73547,2012-03-17,0.5763488,1
73548,2012-03-17,0.14136623,0
73549,2012-03-17,0.7376099,1
73550,2012-03-17,0.2606409,1
73551,2012-03-17,0.70167214,1
73552,2012-03-17,0.20469666,0
73553,2012-03-17,0.54325455,1
73554,2012-03-17,0.07616777,0
73555,2012-03-17,0.20926213,0
73556,2012-03-18,0.5852952,0
73557,2012-03-18,0.73009986,0
73558,2012-03-18,0.27803487,0
73559,2012-03-18,0.13173105,0
73560,2012-03-18,0.17751363,0
73561,2012-03-18,0.6339094,1
73562,2012-03-18,0.11341007,1
73563,2012-03-18,0.35765672,0
73564,2012-03-18,0.12966928,0
73565,2012-03-18,0.18403113,0
73566,2012-03-18,0.5917793,0
73567,2012-03-18,0.040473446,0
73568,2012-03-18,0.07381216,0
73569,2012-03-18,0.15754111,0
73570,2012-03-18,0.36663318,0
73571,2012-03-18,0.90705246,1
73572,2012-03-18,0.40886238,1
73573,2012-03-18,0.25197238,0
73574,2012-03-18,0.2521753,0
73575,2012-03-18,0.027828675,0
73576,2012-03-18,0.84560657,0
73577,2012-03-18,0.40721217,1
73578,2012-03-18,0.5118851,1
73579,2012-03-18,0.17559016,0
73580,2012-03-18,0.4474075,1
73581,2012-03-18,0.117435455,0
73582,2012-03-18,0.5569704,0
73583,2012-03-18,0.05413073,0
73584,2012-03-18,0.21966249,1
73585,2012-03-18,0.2836843,0
73586,2012-03-18,0.18349181,0
73587,2012-03-18,0.50159967,0
73588,2012-03-18,0.120124154,0
73589,2012-03-18,0.49958655,1
73590,2012-03-18,0.26865816,0
73591,2012-03-18,0.6084507,1
73592,2012-03-18,0.09410559,0
73593,2012-03-18,0.3796359,0
73594,2012-03-18,0.57427394,0
73595,2012-03-18,0.14389363,0
73596,2012-03-18,0.1424363,0
73597,2012-03-18,0.5189728,0
73598,2012-03-18,0.37599346,0
73599,2012-03-18,0.47805646,1
73600,2012-03-18,0.144233,0
73601,2012-03-18,0.5611691,0
73602,2012-03-18,0.017802354,0
73603,2012-03-18,0.9156284,1
73604,2012-03-18,0.4801524,1
73605,2012-03-18,0.43968192,1
73606,2012-03-18,0.14204179,0
73607,2012-03-18,0.22277164,0
73608,2012-03-18,0.0958905,0
73609,2012-03-18,0.1588998,1
73610,2012-03-18,0.28025058,1
73611,2012-03-18,0.29273236,1
73612,2012-03-18,0.19142248,0
73613,2012-03-18,0.12503886,1
73614,2012-03-18,0.20397612,0
73615,2012-03-18,0.283504,0
73616,2012-03-18,0.10306992,0
73617,2012-03-18,0.18057862,0
73618,2012-03-18,0.09959371,1
73619,2012-03-18,0.27249753,1
73620,2012-03-18,0.44165725,0
73621,2012-03-18,0.2601349,0
73622,2012-03-18,0.5300356,0
73623,2012-03-18,0.23896837,1
73624,2012-03-18,0.13760817,0
73625,2012-03-18,0.33771503,0
73626,2012-03-18,0.41503328,0
73627,2012-03-18,0.17347686,0
73628,2012-03-18,0.15771256,1
73629,2012-03-18,0.5162872,1
73630,2012-03-18,0.14387786,0
73631,2012-03-18,0.37078646,0
73632,2012-03-18,0.5610166,1
73633,2012-03-18,0.5509886,1
73634,2012-03-18,0.774835,1
73635,2012-03-18,0.7734763,1
73636,2012-03-18,0.042661257,0
73637,2012-03-18,0.1719204,0
73638,2012-03-18,0.30936489,1
73639,2012-03-18,0.19307059,0
73640,2012-03-18,0.16416581,0
73641,2012-03-18,0.14456758,0
73642,2012-03-18,0.1034032,0
73643,2012-03-18,0.42908296,1
73644,2012-03-18,0.11384135,1
73645,2012-03-18,0.5389554,0
73646,2012-03-18,0.04185661,0
73647,2012-03-18,0.21558581,1
73648,2012-03-18,0.11945484,0
73649,2012-03-18,0.11267447,0
73650,2012-03-18,0.25296172,0
73651,2012-03-18,0.28308976,1
73652,2012-03-18,0.8739267,0
73653,2012-03-18,0.29032242,0
73654,2012-03-18,0.44810683,1
73655,2012-03-18,0.72558635,0
73656,2012-03-18,0.3171727,0
73657,2012-03-18,0.1466139,0
73658,2012-03-18,0.12367844,0
73659,2012-03-18,0.27526727,1
73660,2012-03-18,0.26516438,0
73661,2012-03-18,0.36426622,0
73662,2012-03-18,0.4071728,0
73663,2012-03-18,0.19085318,0
73664,2012-03-18,0.13722984,1
73665,2012-03-18,0.4366215,0
73666,2012-03-18,0.6781977,1
73667,2012-03-18,0.3450812,0
73668,2012-03-18,0.20417638,0
73669,2012-03-18,0.16649082,1
73670,2012-03-18,0.09702046,0
73671,2012-03-18,0.6420857,1
73672,2012-03-18,0.029831227,0
73673,2012-03-18,0.32544607,1
73674,2012-03-18,0.4829986,1
73675,2012-03-18,0.078626096,0
73676,2012-03-18,0.58836097,1
73677,2012-03-18,0.11634907,0
73678,2012-03-18,0.60542136,0
73679,2012-03-18,0.09113542,0
73680,2012-03-18,0.22978494,0
73681,2012-03-18,0.33542013,0
73682,2012-03-18,0.14230125,0
73683,2012-03-18,0.25522104,0
73684,2012-03-18,0.15277001,0
73685,2012-03-18,0.7610283,1
73686,2012-03-18,0.0627556,0
73687,2012-03-18,0.58002555,0
73688,2012-03-18,0.49742234,1
73689,2012-03-18,0.42820045,0
73690,2012-03-18,0.6673213,0
73691,2012-03-18,0.6676812,1
73692,2012-03-18,0.025497979,0
73693,2012-03-18,0.024047151,0
73694,2012-03-18,0.18184361,0
73695,2012-03-18,0.14254253,1
73696,2012-03-18,0.69329745,1
73697,2012-03-18,0.073563315,0
73698,2012-03-18,0.54677486,1
73699,2012-03-18,0.07482226,0
73700,2012-03-18,0.6250533,1
73701,2012-03-18,0.70300174,1
73702,2012-03-18,0.22922577,1
73703,2012-03-18,0.23167524,1
73704,2012-03-18,0.5983585,1
73705,2012-03-18,0.31467935,1
73706,2012-03-18,0.31204095,1
73707,2012-03-18,0.55318975,1
73708,2012-03-18,0.59469575,1
73709,2012-03-18,0.17281954,1
73710,2012-03-18,0.06659378,0
73711,2012-03-18,0.14902756,0
73712,2012-03-18,0.55612814,1
73713,2012-03-18,0.5383456,1
73714,2012-03-18,0.4260606,0
73715,2012-03-18,0.12820356,0
73716,2012-03-18,0.09379189,0
73717,2012-03-18,0.1736855,1
73718,2012-03-18,0.065071985,1
73719,2012-03-18,0.18596855,0
73720,2012-03-18,0.74428344,0
73721,2012-03-18,0.09348629,0
73722,2012-03-18,0.34123525,1
73723,2012-03-18,0.42275247,1
73724,2012-03-18,0.1919366,0
73725,2012-03-18,0.7315832,1
73726,2012-03-18,0.19450763,0
73727,2012-03-18,0.1688385,1
73728,2012-03-18,0.20600562,1
73729,2012-03-18,0.061538562,0
73730,2012-03-18,0.5037248,1
73731,2012-03-18,0.1647604,0
73732,2012-03-18,0.36493698,1
73733,2012-03-18,0.08073515,0
73734,2012-03-18,0.78363216,0
73735,2012-03-18,0.52005637,0
73736,2012-03-18,0.22357674,0
73737,2012-03-18,0.39551353,0
73738,2012-03-18,0.2677562,0
73739,2012-03-18,0.3332302,1
73740,2012-03-18,0.48012707,1
73741,2012-03-18,0.31835052,0
73742,2012-03-18,0.27687496,0
73743,2012-03-18,0.15674321,0
73744,2012-03-18,0.28714108,0
73745,2012-03-18,0.16876231,0
73746,2012-03-18,0.10712197,0
73747,2012-03-18,0.7420321,0
73748,2012-03-18,0.53091604,1
73749,2012-03-18,0.38750574,1
73750,2012-03-18,0.29491895,0
73751,2012-03-18,0.04154778,0
73752,2012-03-18,0.5397119,0
73753,2012-03-18,0.11534226,0
73754,2012-03-18,0.113644615,0
73755,2012-03-18,0.1484676,0
73756,2012-03-18,0.49590242,0
73757,2012-03-18,0.40328807,0
73758,2012-03-18,0.064495645,0
73759,2012-03-18,0.11482048,1
73760,2012-03-18,0.24374783,0
73761,2012-03-18,0.055525243,0
73762,2012-03-18,0.2102825,0
73763,2012-03-18,0.1773496,0
73764,2012-03-18,0.1453521,1
73765,2012-03-18,0.11146911,0
73766,2012-03-18,0.667289,1
73767,2012-03-18,0.451821,1
73768,2012-03-18,0.27161413,1
73769,2012-03-18,0.26810086,0
73770,2012-03-18,0.4234615,0
73771,2012-03-18,0.074703336,0
73772,2012-03-18,0.5153592,1
73773,2012-03-18,0.6889456,1
73774,2012-03-18,0.048522558,1
73775,2012-03-18,0.095465854,0
73776,2012-03-18,0.2655547,1
73777,2012-03-18,0.26701337,0
73778,2012-03-18,0.73540765,0
73779,2012-03-18,0.15599363,0
73780,2012-03-18,0.7790202,0
73781,2012-03-18,0.040818337,1
73782,2012-03-18,0.11153808,0
73783,2012-03-18,0.27865374,0
73784,2012-03-18,0.6206429,0
73785,2012-03-18,0.2699425,0
73786,2012-03-18,0.48103917,0
73787,2012-03-18,0.41186497,0
73788,2012-03-18,0.13171847,0
73789,2012-03-18,0.43895414,1
73790,2012-03-18,0.32694808,0
73791,2012-03-18,0.41253355,0
73792,2012-03-18,0.07797913,0
73793,2012-03-18,0.27943382,1
73794,2012-03-18,0.052351832,0
73795,2012-03-18,0.3666149,0
73796,2012-03-18,0.27094302,1
73797,2012-03-18,0.07621628,1
73798,2012-03-18,0.56168026,1
73799,2012-03-18,0.4971823,0
73800,2012-03-18,0.7072483,1
73801,2012-03-18,0.14652137,0
73802,2012-03-18,0.43586782,1
73803,2012-03-18,0.13591155,0
73804,2012-03-18,0.23791957,0
73805,2012-03-18,0.29713678,0
73806,2012-03-18,0.45890746,1
73807,2012-03-18,0.36829054,0
73808,2012-03-18,0.14409263,1
73809,2012-03-18,0.5902005,1
73810,2012-03-18,0.1268468,1
73811,2012-03-18,0.18731394,0
73812,2012-03-18,0.14673035,0
73813,2012-03-18,0.330952,1
73814,2012-03-18,0.08275652,0
73815,2012-03-18,0.12776327,0
73816,2012-03-18,0.67203623,1
73817,2012-03-18,0.13771595,0
73818,2012-03-18,0.12944157,0
73819,2012-03-18,0.18862672,1
73820,2012-03-18,0.81849504,1
73821,2012-03-18,0.53510463,0
73822,2012-03-18,0.28525567,1
73823,2012-03-18,0.22476585,0
73824,2012-03-18,0.6318298,1
73825,2012-03-18,0.13834642,0
73826,2012-03-18,0.46595794,1
73827,2012-03-18,0.13172364,1
73828,2012-03-18,0.10154519,0
73829,2012-03-18,0.27819222,0
73830,2012-03-18,0.2168236,0
73831,2012-03-18,0.5507846,0
73832,2012-03-18,0.111733764,0
73833,2012-03-18,0.65893775,1
73834,2012-03-18,0.27117267,0
73835,2012-03-18,0.25287533,0
73836,2012-03-18,0.08463471,1
73837,2012-03-18,0.20949088,0
73838,2012-03-18,0.24255094,0
73839,2012-03-18,0.7000591,0
73840,2012-03-18,0.030518923,0
73841,2012-03-18,0.57798994,0
73842,2012-03-18,0.15903899,0
73843,2012-03-18,0.60072386,1
73844,2012-03-18,0.18897843,1
73845,2012-03-18,0.6316497,1
73846,2012-03-18,0.17046706,0
73847,2012-03-18,0.18294035,0
73848,2012-03-18,0.57437396,0
73849,2012-03-18,0.3743381,1
73850,2012-03-18,0.21873699,0
73851,2012-03-18,0.6874061,1
73852,2012-03-18,0.4615525,1
73853,2012-03-18,0.20477696,0
73854,2012-03-18,0.05042151,0
73855,2012-03-18,0.27578822,1
73856,2012-03-18,0.14400904,0
73857,2012-03-18,0.2284642,0
73858,2012-03-18,0.31743643,0
73859,2012-03-18,0.2671906,0
73860,2012-03-18,0.06478465,0
73861,2012-03-18,0.43072593,1
73862,2012-03-18,0.72065574,1
73863,2012-03-18,0.30529317,0
73864,2012-03-18,0.70492196,0
73865,2012-03-18,0.4981548,0
73866,2012-03-18,0.24128786,1
73867,2012-03-18,0.18346725,0
73868,2012-03-18,0.076943256,1
73869,2012-03-18,0.337256,0
73870,2012-03-18,0.24458677,0
73871,2012-03-18,0.1566046,0
73872,2012-03-18,0.13534173,0
73873,2012-03-18,0.3488998,1
73874,2012-03-18,0.5112301,0
73875,2012-03-18,0.88361984,0
73876,2012-03-18,0.20802733,0
73877,2012-03-18,0.7611241,0
73878,2012-03-18,0.4758889,0
73879,2012-03-18,0.5992903,0
73880,2012-03-18,0.42324835,0
73881,2012-03-18,0.091585994,1
73882,2012-03-18,0.793072,1
73883,2012-03-18,0.7162736,0
73884,2012-03-18,0.35479516,1
73885,2012-03-18,0.036578618,0
73886,2012-03-18,0.07519573,0
73887,2012-03-18,0.041902132,0
73888,2012-03-18,0.7027158,0
73889,2012-03-18,0.2126072,0
73890,2012-03-18,0.7452116,1
73891,2012-03-18,0.21838477,1
73892,2012-03-18,0.30376416,0
73893,2012-03-18,0.5189358,0
73894,2012-03-18,0.24821334,0
73895,2012-03-18,0.69827294,0
73896,2012-03-18,0.19224437,1
73897,2012-03-18,0.22322029,0
73898,2012-03-18,0.59740883,1
73899,2012-03-18,0.18255234,0
73900,2012-03-18,0.8236098,1
73901,2012-03-18,0.37553668,0
73902,2012-03-18,0.17942682,0
73903,2012-03-18,0.07702595,0
73904,2012-03-18,0.39357585,1
73905,2012-03-18,0.18431953,1
73906,2012-03-18,0.33675557,1
73907,2012-03-18,0.3638504,0
73908,2012-03-18,0.37330127,0
73909,2012-03-18,0.15298781,0
73910,2012-03-18,0.30989882,1
73911,2012-03-18,0.0842385,0
73912,2012-03-18,0.60762936,0
73913,2012-03-18,0.2548115,0
73914,2012-03-18,0.22295214,0
73915,2012-03-18,0.46893886,1
73916,2012-03-18,0.6765339,1
73917,2012-03-18,0.40112832,0
73918,2012-03-18,0.18641739,0
73919,2012-03-18,0.036839627,1
73920,2012-03-18,0.6451909,1
73921,2012-03-18,0.5815798,0
73922,2012-03-18,0.24859507,1
73923,2012-03-18,0.29701406,0
73924,2012-03-18,0.014375267,0
73925,2012-03-18,0.19237328,0
73926,2012-03-18,0.82640976,1
73927,2012-03-18,0.35009938,0
73928,2012-03-18,0.043437544,0
73929,2012-03-18,0.55270773,0
73930,2012-03-19,0.3977624,1
73931,2012-03-19,0.66637933,1
73932,2012-03-19,0.61276114,1
73933,2012-03-19,0.02780153,0
73934,2012-03-19,0.674248,1
73935,2012-03-19,0.063158944,0
73936,2012-03-19,0.45409724,0
73937,2012-03-19,0.75293916,0
73938,2012-03-19,0.22189948,1
73939,2012-03-19,0.22976504,0
73940,2012-03-19,0.5919638,0
73941,2012-03-19,0.151998,1
73942,2012-03-19,0.5067211,1
73943,2012-03-19,0.3406714,1
73944,2012-03-19,0.7922138,0
73945,2012-03-19,0.72314864,1
73946,2012-03-19,0.8296433,0
73947,2012-03-19,0.30099854,0
73948,2012-03-19,0.10520789,1
73949,2012-03-19,0.81639284,1
73950,2012-03-19,0.109388486,1
73951,2012-03-19,0.32399416,0
73952,2012-03-19,0.23074238,1
73953,2012-03-19,0.24682383,1
73954,2012-03-19,0.30768868,1
73955,2012-03-19,0.5663375,1
73956,2012-03-19,0.42690828,1
73957,2012-03-19,0.45367643,0
73958,2012-03-19,0.3043454,0
73959,2012-03-19,0.34758714,1
73960,2012-03-19,0.43816265,1
73961,2012-03-19,0.2569065,0
73962,2012-03-19,0.28907356,0
73963,2012-03-19,0.29235727,0
73964,2012-03-19,0.17095153,0
73965,2012-03-19,0.107576475,0
73966,2012-03-19,0.13298455,0
73967,2012-03-19,0.073555775,1
73968,2012-03-19,0.2874762,1
73969,2012-03-19,0.4448068,1
73970,2012-03-19,0.1334683,0
73971,2012-03-19,0.22950584,0
73972,2012-03-19,0.7564187,1
73973,2012-03-19,0.24794057,0
73974,2012-03-19,0.697909,0
73975,2012-03-19,0.12749359,1
73976,2012-03-19,0.07902801,0
73977,2012-03-19,0.2432707,1
73978,2012-03-19,0.48736316,0
73979,2012-03-19,0.16452718,0
73980,2012-03-19,0.442579,0
73981,2012-03-19,0.6121339,1
73982,2012-03-19,0.20106564,1
73983,2012-03-19,0.45544854,1
73984,2012-03-19,0.766675,1
73985,2012-03-19,0.83292353,1
73986,2012-03-19,0.21554814,0
73987,2012-03-19,0.36862737,1
73988,2012-03-19,0.19350417,0
73989,2012-03-19,0.2187868,0
73990,2012-03-19,0.094897754,0
73991,2012-03-19,0.23135479,0
73992,2012-03-19,0.3120568,1
73993,2012-03-19,0.046723176,0
73994,2012-03-19,0.43129608,0
73995,2012-03-19,0.55332404,0
73996,2012-03-19,0.29717243,0
73997,2012-03-19,0.29418898,1
73998,2012-03-19,0.09864486,0
73999,2012-03-19,0.43056914,0
74000,2012-03-19,0.18260169,0
74001,2012-03-19,0.18582977,0
74002,2012-03-19,0.65600544,0
74003,2012-03-19,0.8186104,1
74004,2012-03-19,0.56425023,1
74005,2012-03-19,0.13934192,1
74006,2012-03-19,0.0749236,0
74007,2012-03-19,0.67706513,1
74008,2012-03-19,0.2611017,1
74009,2012-03-19,0.18830456,1
74010,2012-03-19,0.57712275,1
74011,2012-03-19,0.3258426,1
74012,2012-03-19,0.3806031,1
74013,2012-03-19,0.08177301,1
74014,2012-03-19,0.07794613,0
74015,2012-03-19,0.33229655,1
74016,2012-03-19,0.28067476,0
74017,2012-03-19,0.2010834,0
74018,2012-03-19,0.25813416,1
74019,2012-03-19,0.11317197,0
74020,2012-03-19,0.08730968,0
74021,2012-03-19,0.21018475,1
74022,2012-03-19,0.2687267,1
74023,2012-03-19,0.17326011,0
74024,2012-03-19,0.10916859,0
74025,2012-03-19,0.06967693,0
74026,2012-03-19,0.30984518,0
74027,2012-03-19,0.3443473,1
74028,2012-03-19,0.62136436,0
74029,2012-03-19,0.6075608,0
74030,2012-03-19,0.18013161,0
74031,2012-03-19,0.34558472,1
74032,2012-03-19,0.7063703,0
74033,2012-03-19,0.22877082,1
74034,2012-03-19,0.23510905,1
74035,2012-03-19,0.045009013,1
74036,2012-03-19,0.73936,1
74037,2012-03-19,0.48508248,0
74038,2012-03-19,0.16653095,0
74039,2012-03-19,0.1780307,0
74040,2012-03-19,0.34253123,0
74041,2012-03-19,0.2127216,0
74042,2012-03-19,0.21210384,0
74043,2012-03-19,0.3242668,0
74044,2012-03-19,0.022689937,0
74045,2012-03-19,0.61246276,0
74046,2012-03-19,0.1542336,0
74047,2012-03-19,0.03146162,0
74048,2012-03-19,0.54894954,0
74049,2012-03-19,0.3064466,0
74050,2012-03-19,0.080034554,0
74051,2012-03-19,0.4330619,1
74052,2012-03-19,0.24128608,0
74053,2012-03-19,0.07784376,0
74054,2012-03-19,0.08067821,0
74055,2012-03-19,0.48629454,0
74056,2012-03-19,0.75106084,0
74057,2012-03-19,0.57294774,1
74058,2012-03-19,0.1459772,0
74059,2012-03-19,0.50221056,0
74060,2012-03-19,0.49070013,1
74061,2012-03-19,0.21111178,0
74062,2012-03-19,0.40810713,1
74063,2012-03-19,0.30113596,0
74064,2012-03-19,0.33305395,0
74065,2012-03-19,0.41690084,1
74066,2012-03-19,0.5148216,1
74067,2012-03-19,0.46419778,0
74068,2012-03-19,0.3873857,1
74069,2012-03-19,0.5733381,0
74070,2012-03-19,0.25746083,1
74071,2012-03-19,0.44065565,0
74072,2012-03-19,0.061669327,1
74073,2012-03-19,0.25275987,1
74074,2012-03-19,0.44386965,0
74075,2012-03-19,0.32882494,0
74076,2012-03-19,0.12283459,1
74077,2012-03-19,0.1951273,1
74078,2012-03-19,0.32361472,0
74079,2012-03-19,0.31307417,0
74080,2012-03-19,0.21897857,0
74081,2012-03-19,0.51186293,1
74082,2012-03-19,0.82388884,0
74083,2012-03-19,0.70846707,0
74084,2012-03-19,0.7071953,1
74085,2012-03-19,0.1358983,0
74086,2012-03-19,0.09483407,0
74087,2012-03-19,0.75518924,0
74088,2012-03-19,0.30419275,1
74089,2012-03-19,0.15872326,1
74090,2012-03-19,0.28447324,0
74091,2012-03-19,0.28606173,0
74092,2012-03-19,0.84387726,1
74093,2012-03-19,0.04038222,0
74094,2012-03-19,0.22892211,1
74095,2012-03-19,0.34079447,0
74096,2012-03-19,0.37778983,0
74097,2012-03-19,0.62750244,0
74098,2012-03-19,0.69073606,0
74099,2012-03-19,0.15876822,0
74100,2012-03-19,0.3955702,0
74101,2012-03-19,0.5268798,0
74102,2012-03-19,0.5932319,1
74103,2012-03-19,0.22134992,1
74104,2012-03-19,0.35589314,0
74105,2012-03-19,0.11909615,0
74106,2012-03-19,0.21259832,0
74107,2012-03-19,0.5489427,0
74108,2012-03-19,0.47569233,1
74109,2012-03-19,0.08014756,0
74110,2012-03-19,0.35000876,1
74111,2012-03-19,0.6031029,1
74112,2012-03-19,0.45065004,1
74113,2012-03-19,0.6256073,0
74114,2012-03-19,0.109388486,1
74115,2012-03-19,0.12548746,0
74116,2012-03-19,0.15403557,0
74117,2012-03-19,0.17189413,0
74118,2012-03-19,0.06785167,0
74119,2012-03-19,0.6407919,1
74120,2012-03-19,0.32158604,1
74121,2012-03-19,0.73339295,0
74122,2012-03-19,0.22656424,1
74123,2012-03-19,0.7007267,1
74124,2012-03-19,0.2968522,0
74125,2012-03-19,0.28517425,0
74126,2012-03-19,0.2084384,0
74127,2012-03-19,0.3546294,1
74128,2012-03-19,0.15036653,0
74129,2012-03-19,0.44813085,1
74130,2012-03-19,0.16110569,0
74131,2012-03-19,0.40705597,1
74132,2012-03-19,0.27766666,0
74133,2012-03-19,0.06765175,0
74134,2012-03-19,0.13896507,0
74135,2012-03-19,0.5433902,1
74136,2012-03-19,0.2295465,0
74137,2012-03-19,0.42915076,0
74138,2012-03-19,0.33775577,0
74139,2012-03-19,0.28327048,1
74140,2012-03-19,0.44745734,1
74141,2012-03-19,0.5890699,0
74142,2012-03-19,0.07094794,0
74143,2012-03-19,0.09770968,0
74144,2012-03-19,0.6134358,0
74145,2012-03-19,0.3832598,1
74146,2012-03-19,0.17176534,0
74147,2012-03-19,0.2142626,1
74148,2012-03-19,0.1614748,0
74149,2012-03-19,0.030014899,0
74150,2012-03-19,0.59729815,1
74151,2012-03-19,0.4618634,1
74152,2012-03-19,0.24835819,1
74153,2012-03-19,0.43934876,0
74154,2012-03-19,0.21256903,0
74155,2012-03-19,0.15232559,0
74156,2012-03-19,0.18735527,0
74157,2012-03-19,0.94480586,0
74158,2012-03-19,0.012317923,0
74159,2012-03-19,0.17668727,0
74160,2012-03-19,0.41371766,0
74161,2012-03-19,0.8502673,1
74162,2012-03-19,0.15274373,0
74163,2012-03-19,0.13960123,0
74164,2012-03-19,0.17766364,0
74165,2012-03-19,0.20529702,0
74166,2012-03-19,0.17409815,0
74167,2012-03-19,0.15717348,0
74168,2012-03-19,0.38017306,1
74169,2012-03-19,0.09208965,0
74170,2012-03-19,0.20589615,0
74171,2012-03-19,0.35957944,0
74172,2012-03-19,0.57213336,0
74173,2012-03-19,0.33888465,0
74174,2012-03-19,0.23806497,0
74175,2012-03-19,0.15156068,0
74176,2012-03-19,0.023258498,0
74177,2012-03-19,0.17098504,0
74178,2012-03-19,0.16851562,0
74179,2012-03-19,0.3576645,1
74180,2012-03-19,0.5004973,1
74181,2012-03-19,0.1598402,1
74182,2012-03-19,0.10224696,1
74183,2012-03-19,0.3439649,1
74184,2012-03-19,0.41096708,1
74185,2012-03-19,0.21598308,0
74186,2012-03-19,0.10170869,0
74187,2012-03-19,0.62805474,1
74188,2012-03-19,0.15187459,0
74189,2012-03-19,0.20439062,1
74190,2012-03-19,0.28824988,0
74191,2012-03-19,0.42708468,1
74192,2012-03-19,0.37757963,0
74193,2012-03-19,0.612966,0
74194,2012-03-19,0.38455158,1
74195,2012-03-19,0.19732907,0
74196,2012-03-19,0.23330033,1
74197,2012-03-19,0.18385573,0
74198,2012-03-19,0.37220576,0
74199,2012-03-19,0.19273674,1
74200,2012-03-19,0.20293373,0
74201,2012-03-19,0.32533297,1
74202,2012-03-19,0.25725973,1
74203,2012-03-19,0.20301919,1
74204,2012-03-19,0.450656,1
74205,2012-03-19,0.040052217,0
74206,2012-03-19,0.16935313,0
74207,2012-03-19,0.14652523,0
74208,2012-03-19,0.26498932,0
74209,2012-03-19,0.5355822,1
74210,2012-03-19,0.692517,0
74211,2012-03-19,0.088207126,0
74212,2012-03-19,0.10405754,0
74213,2012-03-19,0.11381658,0
74214,2012-03-19,0.071012855,0
74215,2012-03-19,0.18657464,1
74216,2012-03-19,0.1829227,1
74217,2012-03-19,0.3177709,1
74218,2012-03-19,0.3670439,0
74219,2012-03-19,0.42281607,1
74220,2012-03-19,0.36014616,0
74221,2012-03-19,0.42596665,0
74222,2012-03-19,0.37691492,1
74223,2012-03-19,0.5984032,1
74224,2012-03-19,0.8393262,0
74225,2012-03-19,0.58909357,1
74226,2012-03-19,0.48699254,0
74227,2012-03-19,0.5639615,0
74228,2012-03-19,0.5007057,1
74229,2012-03-19,0.51880854,1
74230,2012-03-19,0.4971377,0
74231,2012-03-19,0.6664083,1
74232,2012-03-19,0.05363218,0
74233,2012-03-19,0.3585403,1
74234,2012-03-19,0.21035418,0
74235,2012-03-19,0.44410327,1
74236,2012-03-19,0.71149915,1
74237,2012-03-19,0.17249858,0
74238,2012-03-19,0.6267424,0
74239,2012-03-19,0.7001903,0
74240,2012-03-19,0.29243365,0
74241,2012-03-19,0.18892115,0
74242,2012-03-19,0.20532261,0
74243,2012-03-19,0.5032788,1
74244,2012-03-19,0.2753789,0
74245,2012-03-19,0.43490362,1
74246,2012-03-19,0.15128219,0
74247,2012-03-19,0.2912705,0
74248,2012-03-19,0.26890087,0
74249,2012-03-19,0.46048337,1
74250,2012-03-19,0.7528251,0
74251,2012-03-19,0.2794127,0
74252,2012-03-19,0.08001237,0
74253,2012-03-19,0.40260562,0
74254,2012-03-19,0.6813122,1
74255,2012-03-19,0.3797186,0
74256,2012-03-19,0.24423578,1
74257,2012-03-19,0.10284252,0
74258,2012-03-19,0.094965026,0
74259,2012-03-19,0.16935009,0
74260,2012-03-19,0.12247519,1
74261,2012-03-19,0.29112667,1
74262,2012-03-19,0.7221491,0
74263,2012-03-19,0.4907881,1
74264,2012-03-19,0.32207975,0
74265,2012-03-19,0.31054682,0
74266,2012-03-19,0.116206385,0
74267,2012-03-19,0.089824796,1
74268,2012-03-19,0.28665143,1
74269,2012-03-19,0.20230173,0
74270,2012-03-19,0.5409834,0
74271,2012-03-19,0.5487051,1
74272,2012-03-19,0.07518386,0
74273,2012-03-19,0.22742023,1
74274,2012-03-19,0.39686245,0
74275,2012-03-19,0.20848887,0
74276,2012-03-19,0.2893295,1
74277,2012-03-19,0.7598138,0
74278,2012-03-19,0.33818594,1
74279,2012-03-19,0.2710613,0
74280,2012-03-19,0.37453175,0
74281,2012-03-19,0.5000659,0
74282,2012-03-19,0.07176701,0
74283,2012-03-19,0.052707665,0
74284,2012-03-19,0.09038656,1
74285,2012-03-19,0.44301614,0
74286,2012-03-19,0.1573216,0
74287,2012-03-19,0.09093652,1
74288,2012-03-19,0.22393635,0
74289,2012-03-19,0.2859454,1
74290,2012-03-19,0.11236271,0
74291,2012-03-19,0.06808133,1
74292,2012-03-19,0.04755662,0
74293,2012-03-19,0.5527614,1
74294,2012-03-19,0.28085437,0
74295,2012-03-19,0.92028415,1
74296,2012-03-19,0.5362041,1
74297,2012-03-19,0.09753248,0
74298,2012-03-19,0.18509579,0
74299,2012-03-19,0.4032596,0
74300,2012-03-19,0.27163374,0
74301,2012-03-19,0.49262443,0
74302,2012-03-19,0.2214719,0
74303,2012-03-19,0.07613742,0
74304,2012-03-19,0.18117918,0
74305,2012-03-19,0.80813605,1
74306,2012-03-19,0.42735502,0
74307,2012-03-19,0.18864937,0
74308,2012-03-19,0.1780749,1
74309,2012-03-19,0.56490064,1
74310,2012-03-20,0.19470665,0
74311,2012-03-20,0.4329757,1
74312,2012-03-20,0.6246709,0
74313,2012-03-20,0.35066745,1
74314,2012-03-20,0.42469037,1
74315,2012-03-20,0.087528035,0
74316,2012-03-20,0.68770653,0
74317,2012-03-20,0.7141339,0
74318,2012-03-20,0.38702717,1
74319,2012-03-20,0.40353304,1
74320,2012-03-20,0.19928211,1
74321,2012-03-20,0.056762014,0
74322,2012-03-20,0.07211412,1
74323,2012-03-20,0.32941285,0
74324,2012-03-20,0.30431166,0
74325,2012-03-20,0.31458262,0
74326,2012-03-20,0.5244006,1
74327,2012-03-20,0.10225228,0
74328,2012-03-20,0.56551635,0
74329,2012-03-20,0.28686222,1
74330,2012-03-20,0.36299977,0
74331,2012-03-20,0.111455,0
74332,2012-03-20,0.6803519,0
74333,2012-03-20,0.08522659,0
74334,2012-03-20,0.38767287,0
74335,2012-03-20,0.6008855,0
74336,2012-03-20,0.41801,0
74337,2012-03-20,0.15014032,0
74338,2012-03-20,0.35857394,0
74339,2012-03-20,0.49486044,0
74340,2012-03-20,0.4198516,1
74341,2012-03-20,0.16483365,0
74342,2012-03-20,0.56565976,0
74343,2012-03-20,0.24813956,0
74344,2012-03-20,0.28496245,0
74345,2012-03-20,0.5025121,0
74346,2012-03-20,0.55423224,0
74347,2012-03-20,0.44559398,1
74348,2012-03-20,0.11167093,0
74349,2012-03-20,0.5517458,1
74350,2012-03-20,0.56822675,0
74351,2012-03-20,0.75714856,1
74352,2012-03-20,0.67025846,1
74353,2012-03-20,0.20366481,0
74354,2012-03-20,0.41366428,0
74355,2012-03-20,0.08322139,0
74356,2012-03-20,0.19359727,0
74357,2012-03-20,0.11588373,0
74358,2012-03-20,0.7002013,1
74359,2012-03-20,0.1408217,1
74360,2012-03-20,0.67865014,1
74361,2012-03-20,0.11038143,0
74362,2012-03-20,0.13720118,0
74363,2012-03-20,0.43487987,0
74364,2012-03-20,0.3907389,1
74365,2012-03-20,0.27809203,1
74366,2012-03-20,0.025641818,0
74367,2012-03-20,0.3813645,1
74368,2012-03-20,0.7594641,1
74369,2012-03-20,0.742907,0
74370,2012-03-20,0.40429902,1
74371,2012-03-20,0.28186858,0
74372,2012-03-20,0.49226275,0
74373,2012-03-20,0.071817055,0
74374,2012-03-20,0.37749106,0
74375,2012-03-20,0.38350242,1
74376,2012-03-20,0.21979348,0
74377,2012-03-20,0.29507166,0
74378,2012-03-20,0.49216697,0
74379,2012-03-20,0.27370083,1
74380,2012-03-20,0.49209946,1
74381,2012-03-20,0.0428655,0
74382,2012-03-20,0.56518805,0
74383,2012-03-20,0.3921373,0
74384,2012-03-20,0.35362574,1
74385,2012-03-20,0.27941766,1
74386,2012-03-20,0.300667,1
74387,2012-03-20,0.3281313,0
74388,2012-03-20,0.37979278,1
74389,2012-03-20,0.119785756,0
74390,2012-03-20,0.22427543,1
74391,2012-03-20,0.17960726,0
74392,2012-03-20,0.6116414,1
74393,2012-03-20,0.4360464,1
74394,2012-03-20,0.7818957,0
74395,2012-03-20,0.028852262,0
74396,2012-03-20,0.19507714,0
74397,2012-03-20,0.1504559,1
74398,2012-03-20,0.33487746,1
74399,2012-03-20,0.31593224,0
74400,2012-03-20,0.47024307,1
74401,2012-03-20,0.17402819,0
74402,2012-03-20,0.56256056,1
74403,2012-03-20,0.43558982,0
74404,2012-03-20,0.14391436,1
74405,2012-03-20,0.37066853,1
74406,2012-03-20,0.18407156,1
74407,2012-03-20,0.3907665,1
74408,2012-03-20,0.72058517,1
74409,2012-03-20,0.5445292,1
74410,2012-03-20,0.22966455,0
74411,2012-03-20,0.16962056,0
74412,2012-03-20,0.12703001,1
74413,2012-03-20,0.12825026,0
74414,2012-03-20,0.06976739,0
74415,2012-03-20,0.44632345,1
74416,2012-03-20,0.21645014,0
74417,2012-03-20,0.2144646,0
74418,2012-03-20,0.18825917,0
74419,2012-03-20,0.64131725,1
74420,2012-03-20,0.031592496,0
74421,2012-03-20,0.63033634,0
74422,2012-03-20,0.67001927,0
74423,2012-03-20,0.7897692,0
74424,2012-03-20,0.7543218,0
74425,2012-03-20,0.9148965,1
74426,2012-03-20,0.40963095,1
74427,2012-03-20,0.25178614,1
74428,2012-03-20,0.8182001,0
74429,2012-03-20,0.7879032,1
74430,2012-03-20,0.7236192,1
74431,2012-03-20,0.47967675,1
74432,2012-03-20,0.25641024,1
74433,2012-03-20,0.59713674,1
74434,2012-03-20,0.055075474,0
74435,2012-03-20,0.5481483,0
74436,2012-03-20,0.30250993,0
74437,2012-03-20,0.082425214,0
74438,2012-03-20,0.58543515,1
74439,2012-03-20,0.43254027,0
74440,2012-03-20,0.32074922,0
74441,2012-03-20,0.13020827,0
74442,2012-03-20,0.5523355,0
74443,2012-03-20,0.16178454,1
74444,2012-03-20,0.22830518,0
74445,2012-03-20,0.32621944,1
74446,2012-03-20,0.18878238,0
74447,2012-03-20,0.44729853,0
74448,2012-03-20,0.21934986,0
74449,2012-03-20,0.17161065,1
74450,2012-03-20,0.13577123,0
74451,2012-03-20,0.23178206,0
74452,2012-03-20,0.3647042,0
74453,2012-03-20,0.21745585,1
74454,2012-03-20,0.53390974,0
74455,2012-03-20,0.25203487,1
74456,2012-03-20,0.20172589,1
74457,2012-03-20,0.594595,0
74458,2012-03-20,0.15623318,0
74459,2012-03-20,0.68986887,1
74460,2012-03-20,0.3023789,0
74461,2012-03-20,0.5830163,1
74462,2012-03-20,0.6739829,1
74463,2012-03-20,0.4843485,1
74464,2012-03-20,0.4260855,0
74465,2012-03-20,0.37845364,1
74466,2012-03-20,0.033234738,0
74467,2012-03-20,0.2272231,0
74468,2012-03-20,0.54691404,1
74469,2012-03-20,0.37799844,1
74470,2012-03-20,0.080487855,0
74471,2012-03-20,0.2032041,0
74472,2012-03-20,0.41511545,0
74473,2012-03-20,0.1773006,0
74474,2012-03-20,0.26292443,0
74475,2012-03-20,0.5314394,1
74476,2012-03-20,0.042064253,0
74477,2012-03-20,0.9422542,0
74478,2012-03-20,0.4508442,0
74479,2012-03-20,0.8062405,1
74480,2012-03-20,0.53722215,0
74481,2012-03-20,0.6055728,0
74482,2012-03-20,0.30858076,0
74483,2012-03-20,0.024545895,1
74484,2012-03-20,0.06714531,0
74485,2012-03-20,0.25832656,0
74486,2012-03-20,0.26990545,0
74487,2012-03-20,0.14818335,0
74488,2012-03-20,0.12983643,0
74489,2012-03-20,0.14369756,0
74490,2012-03-20,0.27312705,1
74491,2012-03-20,0.13813832,0
74492,2012-03-20,0.475265,0
74493,2012-03-20,0.28558403,0
74494,2012-03-20,0.80417806,0
74495,2012-03-20,0.3231097,1
74496,2012-03-20,0.18562755,1
74497,2012-03-20,0.36088842,1
74498,2012-03-20,0.4867423,0
74499,2012-03-20,0.31961396,0
74500,2012-03-20,0.08096646,0
74501,2012-03-20,0.56146634,0
74502,2012-03-20,0.52785,1
74503,2012-03-20,0.6371562,0
74504,2012-03-20,0.7090214,1
74505,2012-03-20,0.39566854,0
74506,2012-03-20,0.7201193,1
74507,2012-03-20,0.86033916,0
74508,2012-03-20,0.46155912,0
74509,2012-03-20,0.084548965,0
74510,2012-03-20,0.18329126,0
74511,2012-03-20,0.3644252,1
74512,2012-03-20,0.3784981,1
74513,2012-03-20,0.1955156,1
74514,2012-03-20,0.060551256,0
74515,2012-03-20,0.15633467,0
74516,2012-03-20,0.454774,0
74517,2012-03-20,0.2803474,0
74518,2012-03-20,0.28286776,0
74519,2012-03-20,0.28674677,1
74520,2012-03-20,0.30987632,0
74521,2012-03-20,0.15365425,1
74522,2012-03-20,0.5353631,1
74523,2012-03-20,0.18939963,0
74524,2012-03-20,0.7998537,1
74525,2012-03-20,0.25701365,1
74526,2012-03-20,0.24395996,0
74527,2012-03-20,0.30211377,1
74528,2012-03-20,0.23781563,1
74529,2012-03-21,0.34963995,1
74530,2012-03-21,0.5487435,0
74531,2012-03-21,0.025434665,0
74532,2012-03-21,0.022725737,0
74533,2012-03-21,0.51583827,0
74534,2012-03-21,0.2970249,1
74535,2012-03-21,0.26986837,0
74536,2012-03-21,0.538674,1
74537,2012-03-21,0.08029369,0
74538,2012-03-21,0.25167605,0
74539,2012-03-21,0.22031754,0
74540,2012-03-21,0.63973534,0
74541,2012-03-21,0.5543699,0
74542,2012-03-21,0.17930923,0
74543,2012-03-21,0.45350528,0
74544,2012-03-21,0.3988594,1
74545,2012-03-21,0.08589652,0
74546,2012-03-21,0.13388512,0
74547,2012-03-21,0.3275905,0
74548,2012-03-21,0.86663693,1
74549,2012-03-21,0.49144208,0
74550,2012-03-21,0.26236692,0
74551,2012-03-21,0.13180152,0
74552,2012-03-21,0.045195483,0
74553,2012-03-21,0.39886758,0
74554,2012-03-21,0.49230713,1
74555,2012-03-21,0.43404543,1
74556,2012-03-21,0.1137657,0
74557,2012-03-21,0.36598337,0
74558,2012-03-21,0.33732888,0
74559,2012-03-21,0.76288724,1
74560,2012-03-21,0.25750756,0
74561,2012-03-21,0.29885373,0
74562,2012-03-21,0.58251053,1
74563,2012-03-21,0.12438447,0
74564,2012-03-21,0.275437,0
74565,2012-03-21,0.23084657,1
74566,2012-03-21,0.34218606,0
74567,2012-03-21,0.11735531,1
74568,2012-03-21,0.53931004,0
74569,2012-03-21,0.59434444,0
74570,2012-03-21,0.8558024,0
74571,2012-03-21,0.2916582,1
74572,2012-03-21,0.16185309,0
74573,2012-03-21,0.07023808,0
74574,2012-03-21,0.10627683,1
74575,2012-03-21,0.2497718,1
74576,2012-03-21,0.45195663,1
74577,2012-03-21,0.038065113,0
74578,2012-03-21,0.30002418,1
74579,2012-03-21,0.84768796,1
74580,2012-03-21,0.1417471,0
74581,2012-03-21,0.20977284,0
74582,2012-03-21,0.15170155,0
74583,2012-03-21,0.22492084,1
74584,2012-03-21,0.5374786,0
74585,2012-03-21,0.43710276,1
74586,2012-03-21,0.19397643,0
74587,2012-03-21,0.041713513,0
74588,2012-03-21,0.09923624,0
74589,2012-03-21,0.52837783,0
74590,2012-03-21,0.47110105,0
74591,2012-03-21,0.12728156,0
74592,2012-03-21,0.4196064,1
74593,2012-03-21,0.1282308,0
74594,2012-03-21,0.32760397,1
74595,2012-03-21,0.48783195,0
74596,2012-03-21,0.12832472,1
74597,2012-03-21,0.2154048,0
74598,2012-03-21,0.46819758,1
74599,2012-03-21,0.5465312,0
74600,2012-03-21,0.10131449,0
74601,2012-03-21,0.5341022,0
74602,2012-03-21,0.47916108,0
74603,2012-03-21,0.93421894,1
74604,2012-03-21,0.1072866,0
74605,2012-03-21,0.5024745,1
74606,2012-03-21,0.134509,0
74607,2012-03-21,0.3017051,0
74608,2012-03-21,0.044637915,0
74609,2012-03-21,0.64224595,0
74610,2012-03-21,0.065683655,0
74611,2012-03-21,0.14899953,0
74612,2012-03-21,0.023693085,0
74613,2012-03-21,0.18992679,1
74614,2012-03-21,0.3244729,0
74615,2012-03-21,0.12183451,0
74616,2012-03-21,0.13928726,1
74617,2012-03-21,0.84530884,1
74618,2012-03-21,0.33822775,0
74619,2012-03-21,0.09573747,0
74620,2012-03-21,0.56781185,0
74621,2012-03-21,0.079664275,0
74622,2012-03-21,0.21109606,1
74623,2012-03-21,0.24637832,0
74624,2012-03-21,0.16302355,0
74625,2012-03-21,0.11135508,0
74626,2012-03-21,0.46405083,0
74627,2012-03-21,0.0932306,0
74628,2012-03-21,0.036905397,0
74629,2012-03-21,0.24529576,0
74630,2012-03-21,0.14620695,0
74631,2012-03-21,0.030040847,0
74632,2012-03-21,0.50761366,1
74633,2012-03-21,0.14434415,0
74634,2012-03-21,0.12479565,1
74635,2012-03-21,0.21709195,0
74636,2012-03-21,0.59579,0
74637,2012-03-21,0.04078316,0
74638,2012-03-21,0.1104909,1
74639,2012-03-21,0.2927348,0
74640,2012-03-21,0.5324287,1
74641,2012-03-21,0.20635188,1
74642,2012-03-22,0.2756493,0
74643,2012-03-22,0.60846645,0
74644,2012-03-22,0.18791038,0
74645,2012-03-22,0.08411793,0
74646,2012-03-22,0.15829748,0
74647,2012-03-22,0.18591794,0
74648,2012-03-22,0.13732436,1
74649,2012-03-22,0.2802261,1
74650,2012-03-22,0.017822193,0
74651,2012-03-22,0.16571176,0
74652,2012-03-22,0.10720351,0
74653,2012-03-22,0.64937675,1
74654,2012-03-22,0.023573466,0
74655,2012-03-22,0.13340867,0
74656,2012-03-22,0.27242607,1
74657,2012-03-22,0.057051577,0
74658,2012-03-22,0.5703051,1
74659,2012-03-22,0.38375527,1
74660,2012-03-22,0.31211904,1
74661,2012-03-22,0.44760212,1
74662,2012-03-22,0.1909048,0
74663,2012-03-22,0.06792457,0
74664,2012-03-22,0.5337164,0
74665,2012-03-22,0.43917242,0
74666,2012-03-22,0.32576892,1
74667,2012-03-22,0.05542264,0
74668,2012-03-22,0.30895457,0
74669,2012-03-22,0.4441643,1
74670,2012-03-22,0.19171779,1
74671,2012-03-22,0.19752647,1
74672,2012-03-22,0.36003608,1
74673,2012-03-22,0.25346026,1
74674,2012-03-22,0.48223573,1
74675,2012-03-22,0.43379956,1
74676,2012-03-22,0.9120835,0
74677,2012-03-22,0.48705336,1
74678,2012-03-22,0.26234373,0
74679,2012-03-22,0.6279952,1
74680,2012-03-22,0.03968461,0
74681,2012-03-22,0.5224855,1
74682,2012-03-22,0.68879384,0
74683,2012-03-22,0.46950877,1
74684,2012-03-22,0.44164556,1
74685,2012-03-22,0.34737384,0
74686,2012-03-22,0.7662038,0
74687,2012-03-22,0.8182687,1
74688,2012-03-22,0.28466514,1
74689,2012-03-22,0.33360773,0
74690,2012-03-22,0.3490053,0
74691,2012-03-22,0.26011932,0
74692,2012-03-22,0.10636627,0
74693,2012-03-22,0.4836188,0
74694,2012-03-22,0.29274452,1
74695,2012-03-22,0.063793465,0
74696,2012-03-22,0.19165933,0
74697,2012-03-22,0.01700627,0
74698,2012-03-22,0.30886972,0
74699,2012-03-22,0.74461263,1
74700,2012-03-22,0.21786094,0
74701,2012-03-22,0.058459524,0
74702,2012-03-22,0.0984168,0
74703,2012-03-22,0.4662946,0
74704,2012-03-22,0.24379657,0
74705,2012-03-22,0.121079125,0
74706,2012-03-22,0.388729,0
74707,2012-03-22,0.13883796,0
74708,2012-03-22,0.45226103,1
74709,2012-03-22,0.12153498,0
74710,2012-03-22,0.47735158,1
74711,2012-03-22,0.088410884,0
74712,2012-03-22,0.48804072,0
74713,2012-03-22,0.18550725,0
74714,2012-03-22,0.09977798,0
74715,2012-03-22,0.07736073,1
74716,2012-03-22,0.62517756,0
74717,2012-03-22,0.31202763,1
74718,2012-03-22,0.54865,1
74719,2012-03-22,0.3134826,1
74720,2012-03-22,0.3569344,1
74721,2012-03-22,0.24845082,0
74722,2012-03-22,0.58081436,0
74723,2012-03-22,0.20137155,1
74724,2012-03-22,0.3710732,1
74725,2012-03-22,0.105026074,0
74726,2012-03-22,0.100506745,1
74727,2012-03-22,0.048105884,0
74728,2012-03-22,0.22178984,0
74729,2012-03-22,0.23235297,1
74730,2012-03-22,0.2386829,0
74731,2012-03-22,0.35002726,0
74732,2012-03-22,0.3579247,0
74733,2012-03-22,0.24517708,0
74734,2012-03-22,0.3490734,0
74735,2012-03-22,0.5193713,0
74736,2012-03-22,0.16326228,1
74737,2012-03-22,0.38746583,0
74738,2012-03-22,0.4349716,1
74739,2012-03-22,0.18236329,1
74740,2012-03-22,0.25449237,0
74741,2012-03-22,0.24140485,1
74742,2012-03-22,0.21641131,0
74743,2012-03-22,0.5440413,1
74744,2012-03-22,0.6379498,0
74745,2012-03-22,0.11470864,0
74746,2012-03-22,0.39542627,0
74747,2012-03-22,0.14945018,1
74748,2012-03-22,0.27350298,1
74749,2012-03-22,0.2368749,1
74750,2012-03-22,0.26639125,1
74751,2012-03-22,0.08127593,0
74752,2012-03-22,0.2031627,1
74753,2012-03-22,0.5734203,1
74754,2012-03-22,0.47259134,0
74755,2012-03-22,0.24836338,0
74756,2012-03-22,0.49957234,0
74757,2012-03-22,0.5628876,0
74758,2012-03-22,0.10412475,0
74759,2012-03-22,0.22766949,0
74760,2012-03-22,0.06885898,1
74761,2012-03-22,0.4136968,0
74762,2012-03-22,0.08202913,1
74763,2012-03-22,0.46297097,0
74764,2012-03-22,0.47111553,1
74765,2012-03-22,0.23097828,1
74766,2012-03-22,0.22070484,1
74767,2012-03-22,0.5872107,0
74768,2012-03-22,0.51533735,1
74769,2012-03-22,0.09724772,0
74770,2012-03-22,0.5821009,1
74771,2012-03-22,0.78232414,1
74772,2012-03-22,0.42953596,1
74773,2012-03-22,0.8549451,1
74774,2012-03-22,0.05493911,0
74775,2012-03-22,0.27068552,0
74776,2012-03-22,0.26951984,1
74777,2012-03-22,0.020097164,0
74778,2012-03-22,0.6111154,1
74779,2012-03-22,0.5389768,1
74780,2012-03-22,0.16167136,0
74781,2012-03-22,0.24838117,0
74782,2012-03-23,0.17806633,0
74783,2012-03-23,0.35596916,1
74784,2012-03-23,0.09126515,1
74785,2012-03-23,0.254246,0
74786,2012-03-23,0.5366255,1
74787,2012-03-23,0.28484428,1
74788,2012-03-23,0.08160242,1
74789,2012-03-23,0.2673995,1
74790,2012-03-23,0.48260593,0
74791,2012-03-23,0.039265756,0
74792,2012-03-23,0.18665461,0
74793,2012-03-23,0.5651842,1
74794,2012-03-23,0.08951157,0
74795,2012-03-23,0.38947287,1
74796,2012-03-23,0.058542572,0
74797,2012-03-23,0.4647727,0
74798,2012-03-23,0.2135543,1
74799,2012-03-23,0.6364171,0
74800,2012-03-23,0.44136965,0
74801,2012-03-23,0.20337382,1
74802,2012-03-23,0.7458227,0
74803,2012-03-23,0.060605235,0
74804,2012-03-23,0.33843055,1
74805,2012-03-23,0.2968898,0
74806,2012-03-23,0.5146376,1
74807,2012-03-23,0.13018078,0
74808,2012-03-23,0.10531421,0
74809,2012-03-23,0.05575694,0
74810,2012-03-23,0.3268696,0
74811,2012-03-23,0.16906711,0
74812,2012-03-23,0.6411725,1
74813,2012-03-23,0.17148699,1
74814,2012-03-23,0.5054939,0
74815,2012-03-23,0.09188174,0
74816,2012-03-23,0.17416753,0
74817,2012-03-23,0.12887974,0
74818,2012-03-23,0.5677328,0
74819,2012-03-23,0.2734409,1
74820,2012-03-23,0.3782672,0
74821,2012-03-23,0.09224344,1
74822,2012-03-23,0.2087034,1
74823,2012-03-23,0.039265756,0
74824,2012-03-23,0.538069,1
74825,2012-03-23,0.48676792,1
74826,2012-03-23,0.23461975,0
74827,2012-03-23,0.22327034,1
74828,2012-03-23,0.27302718,1
74829,2012-03-23,0.59130013,1
74830,2012-03-23,0.45104077,0
74831,2012-03-23,0.24650872,0
74832,2012-03-23,0.09878734,0
74833,2012-03-23,0.03797054,0
74834,2012-03-23,0.27631247,0
74835,2012-03-23,0.7447049,1
74836,2012-03-23,0.5621914,1
74837,2012-03-23,0.16462627,0
74838,2012-03-23,0.3149951,0
74839,2012-03-23,0.17698488,1
74840,2012-03-23,0.16156705,0
74841,2012-03-23,0.1684261,0
74842,2012-03-23,0.026117956,0
74843,2012-03-23,0.48680916,0
74844,2012-03-23,0.12386802,0
74845,2012-03-23,0.3876419,1
74846,2012-03-23,0.22260411,0
74847,2012-03-23,0.14991097,0
74848,2012-03-23,0.17907088,1
74849,2012-03-23,0.5577789,0
74850,2012-03-23,0.60035485,0
74851,2012-03-23,0.4089107,0
74852,2012-03-23,0.6659082,0
74853,2012-03-23,0.77011865,1
74854,2012-03-23,0.031229192,0
74855,2012-03-23,0.58643985,0
74856,2012-03-23,0.4463306,1
74857,2012-03-23,0.2706061,0
74858,2012-03-23,0.50446993,0
74859,2012-03-23,0.51658386,0
74860,2012-03-23,0.0929119,0
74861,2012-03-23,0.6029693,1
74862,2012-03-23,0.118382625,0
74863,2012-03-23,0.4637509,1
74864,2012-03-23,0.13432376,0
74865,2012-03-23,0.12233126,0
74866,2012-03-23,0.31649742,1
74867,2012-03-23,0.13151488,0
74868,2012-03-23,0.6185813,1
74869,2012-03-23,0.39601722,0
74870,2012-03-23,0.23659006,1
74871,2012-03-23,0.2534889,0
74872,2012-03-23,0.11655242,1
74873,2012-03-23,0.50812995,1
74874,2012-03-23,0.81289154,1
74875,2012-03-23,0.13092928,0
74876,2012-03-23,0.10239011,0
74877,2012-03-23,0.50059384,1
74878,2012-03-23,0.054485198,0
74879,2012-03-23,0.6669331,1
74880,2012-03-23,0.29617938,0
74881,2012-03-23,0.32849154,1
74882,2012-03-23,0.6764705,1
74883,2012-03-23,0.05275918,0
74884,2012-03-23,0.37482476,0
74885,2012-03-23,0.18692067,0
74886,2012-03-23,0.22953296,1
74887,2012-03-23,0.39461252,0
74888,2012-03-23,0.034354523,0
74889,2012-03-23,0.56763846,1
74890,2012-03-23,0.31971976,0
74891,2012-03-23,0.6589464,1
74892,2012-03-23,0.26955196,0
74893,2012-03-23,0.79367733,1
74894,2012-03-23,0.02698067,0
74895,2012-03-23,0.48479834,0
74896,2012-03-23,0.12492697,0
74897,2012-03-23,0.25923988,0
74898,2012-03-23,0.47445932,1
74899,2012-03-23,0.12187835,0
74900,2012-03-23,0.17701995,0
74901,2012-03-23,0.5914647,0
74902,2012-03-23,0.15130444,1
74903,2012-03-23,0.5805028,0
74904,2012-03-23,0.12216968,0
74905,2012-03-23,0.18423824,0
74906,2012-03-23,0.6614649,1
74907,2012-03-23,0.45618454,1
74908,2012-03-23,0.27091575,1
74909,2012-03-23,0.15196303,0
74910,2012-03-23,0.097771704,1
74911,2012-03-23,0.11127364,0
74912,2012-03-23,0.15127237,0
74913,2012-03-23,0.22668676,0
74914,2012-03-23,0.3741095,1
74915,2012-03-23,0.17914817,0
74916,2012-03-23,0.05127807,0
74917,2012-03-23,0.40352553,1
74918,2012-03-23,0.33089226,0
74919,2012-03-23,0.24438198,0
74920,2012-03-23,0.1251884,0
74921,2012-03-23,0.14414138,1
74922,2012-03-23,0.09187833,0
74923,2012-03-23,0.023989128,0
74924,2012-03-23,0.1833857,1
74925,2012-03-23,0.21971543,1
74926,2012-03-23,0.015178796,0
74927,2012-03-23,0.28738254,1
74928,2012-03-23,0.21257564,0
74929,2012-03-23,0.6567646,1
74930,2012-03-23,0.23762228,0
74931,2012-03-23,0.22388934,0
74932,2012-03-23,0.44248503,1
74933,2012-03-23,0.102639034,0
74934,2012-03-23,0.09056354,0
74935,2012-03-23,0.103254765,1
74936,2012-03-23,0.08810726,0
74937,2012-03-23,0.29898372,0
74938,2012-03-23,0.59556437,0
74939,2012-03-23,0.31662193,0
74940,2012-03-23,0.5427433,1
74941,2012-03-23,0.7458227,0
74942,2012-03-23,0.3837048,1
74943,2012-03-23,0.24832167,0
74944,2012-03-23,0.68486464,1
74945,2012-03-23,0.6781555,0
74946,2012-03-23,0.10832176,0
74947,2012-03-23,0.47645572,0
74948,2012-03-23,0.57495236,1
74949,2012-03-23,0.38175103,1
74950,2012-03-23,0.072790176,0
74951,2012-03-23,0.43811527,1
74952,2012-03-23,0.17813961,0
74953,2012-03-23,0.32095647,0
74954,2012-03-23,0.23109803,0
74955,2012-03-23,0.4697327,1
74956,2012-03-23,0.0921784,0
74957,2012-03-23,0.080890626,0
74958,2012-03-23,0.7326429,1
74959,2012-03-23,0.58919656,1
74960,2012-03-23,0.014530335,0
74961,2012-03-23,0.32047752,0
74962,2012-03-23,0.35702202,0
74963,2012-03-23,0.3332709,1
74964,2012-03-23,0.4561501,0
74965,2012-03-23,0.24583027,0
74966,2012-03-23,0.6036065,1
74967,2012-03-23,0.31486717,0
74968,2012-03-24,0.6824391,0
74969,2012-03-24,0.5542829,0
74970,2012-03-24,0.42282167,0
74971,2012-03-24,0.3176294,1
74972,2012-03-24,0.8970597,0
74973,2012-03-24,0.35073352,1
74974,2012-03-24,0.43118832,1
74975,2012-03-24,0.24157487,1
74976,2012-03-24,0.39339054,0
74977,2012-03-24,0.26663053,0
74978,2012-03-24,0.41152447,1
74979,2012-03-24,0.37331063,1
74980,2012-03-24,0.087878495,0
74981,2012-03-24,0.34851468,0
74982,2012-03-24,0.111082695,0
74983,2012-03-24,0.8788669,0
74984,2012-03-24,0.26955482,0
74985,2012-03-24,0.72867686,1
74986,2012-03-24,0.69305193,1
74987,2012-03-24,0.19189274,1
74988,2012-03-24,0.26379275,0
74989,2012-03-24,0.2041602,1
74990,2012-03-24,0.21455869,0
74991,2012-03-24,0.59717655,1
74992,2012-03-24,0.20720172,1
74993,2012-03-24,0.6153822,0
74994,2012-03-24,0.6387443,0
74995,2012-03-24,0.5953141,1
74996,2012-03-24,0.15101935,1
74997,2012-03-24,0.5021439,0
74998,2012-03-24,0.28735584,1
74999,2012-03-24,0.8284751,1
75000,2012-03-24,0.5794166,1
75001,2012-03-24,0.104891755,0
75002,2012-03-24,0.16976261,0
75003,2012-03-24,0.12049908,0
75004,2012-03-24,0.8569358,0
75005,2012-03-24,0.226199,1
75006,2012-03-24,0.34782457,0
75007,2012-03-24,0.44770542,1
75008,2012-03-24,0.2523566,0
75009,2012-03-24,0.20622188,1
75010,2012-03-24,0.4687164,0
75011,2012-03-24,0.35272092,0
75012,2012-03-24,0.44344348,1
75013,2012-03-24,0.42520675,0
75014,2012-03-24,0.495446,1
75015,2012-03-24,0.8779815,1
75016,2012-03-24,0.07551344,0
75017,2012-03-24,0.41572058,1
75018,2012-03-24,0.51119995,1
75019,2012-03-24,0.70351154,0
75020,2012-03-24,0.16096942,0
75021,2012-03-24,0.29668236,1
75022,2012-03-24,0.050593358,1
75023,2012-03-24,0.12164534,1
75024,2012-03-24,0.11430492,0
75025,2012-03-24,0.36728647,0
75026,2012-03-24,0.12395966,1
75027,2012-03-24,0.35349193,1
75028,2012-03-24,0.061799027,1
75029,2012-03-24,0.23296243,0
75030,2012-03-24,0.32111388,1
75031,2012-03-24,0.5834091,0
75032,2012-03-24,0.37057844,1
75033,2012-03-24,0.44102964,0
75034,2012-03-24,0.7765872,0
75035,2012-03-24,0.45249477,0
75036,2012-03-24,0.85514665,0
75037,2012-03-24,0.39481005,0
75038,2012-03-24,0.8330014,1
75039,2012-03-24,0.067061104,0
75040,2012-03-24,0.0566721,0
75041,2012-03-24,0.57071966,0
75042,2012-03-24,0.44401878,0
75043,2012-03-24,0.44212964,0
75044,2012-03-24,0.1846129,1
75045,2012-03-24,0.07221729,0
75046,2012-03-24,0.67867374,1
75047,2012-03-24,0.56156707,0
75048,2012-03-24,0.24606766,0
75049,2012-03-24,0.30169412,1
75050,2012-03-24,0.11916303,0
75051,2012-03-24,0.08168773,0
75052,2012-03-24,0.0430694,0
75053,2012-03-24,0.2145015,0
75054,2012-03-24,0.028358357,1
75055,2012-03-24,0.7948778,0
75056,2012-03-24,0.26161322,1
75057,2012-03-24,0.39334294,1
75058,2012-03-24,0.124854855,0
75059,2012-03-24,0.15048832,0
75060,2012-03-24,0.46947777,0
75061,2012-03-24,0.6701231,0
75062,2012-03-24,0.16522123,0
75063,2012-03-24,0.44002748,1
75064,2012-03-24,0.29525986,1
75065,2012-03-24,0.216506,0
75066,2012-03-24,0.9008748,1
75067,2012-03-24,0.3223563,0
75068,2012-03-24,0.049050655,0
75069,2012-03-24,0.08475941,1
75070,2012-03-24,0.18873982,0
75071,2012-03-24,0.537731,1
75072,2012-03-24,0.18390062,1
75073,2012-03-24,0.19443323,1
75074,2012-03-24,0.23434097,0
75075,2012-03-24,0.06286531,0
75076,2012-03-24,0.90364647,1
75077,2012-03-24,0.23692836,0
75078,2012-03-24,0.76141167,1
75079,2012-03-24,0.12632947,0
75080,2012-03-24,0.24569397,0
75081,2012-03-24,0.2526507,0
75082,2012-03-24,0.5547223,0
75083,2012-03-24,0.3701422,1
75084,2012-03-24,0.11010409,1
75085,2012-03-25,0.2434889,0
75086,2012-03-25,0.15591165,0
75087,2012-03-25,0.6875759,1
75088,2012-03-25,0.10173093,0
75089,2012-03-25,0.28152063,0
75090,2012-03-25,0.37046364,1
75091,2012-03-25,0.04266394,0
75092,2012-03-25,0.12879659,0
75093,2012-03-25,0.42255723,0
75094,2012-03-25,0.2892132,0
75095,2012-03-25,0.20463979,0
75096,2012-03-25,0.23268513,0
75097,2012-03-25,0.38789988,1
75098,2012-03-25,0.25390902,0
75099,2012-03-25,0.39896765,0
75100,2012-03-25,0.3059618,0
75101,2012-03-25,0.23851745,1
75102,2012-03-25,0.22858226,1
75103,2012-03-25,0.38195825,1
75104,2012-03-25,0.09175754,1
75105,2012-03-25,0.18730359,0
75106,2012-03-25,0.37555158,1
75107,2012-03-25,0.49851015,0
75108,2012-03-25,0.1695666,0
75109,2012-03-25,0.58986515,0
75110,2012-03-25,0.15075219,0
75111,2012-03-25,0.8197443,1
75112,2012-03-25,0.50120497,0
75113,2012-03-25,0.30552414,0
75114,2012-03-25,0.070023276,0
75115,2012-03-25,0.21019693,1
75116,2012-03-25,0.6786525,0
75117,2012-03-25,0.21818358,0
75118,2012-03-25,0.5082147,0
75119,2012-03-25,0.13788214,1
75120,2012-03-25,0.20076571,1
75121,2012-03-25,0.50422686,0
75122,2012-03-25,0.19888243,0
75123,2012-03-25,0.5165975,0
75124,2012-03-25,0.3071534,1
75125,2012-03-25,0.6678679,0
75126,2012-03-25,0.4700302,0
75127,2012-03-25,0.42854622,0
75128,2012-03-25,0.59873253,1
75129,2012-03-25,0.36681828,0
75130,2012-03-25,0.2575564,1
75131,2012-03-25,0.026855351,0
75132,2012-03-25,0.5125798,0
75133,2012-03-25,0.06853428,0
75134,2012-03-25,0.13967454,0
75135,2012-03-25,0.29504257,1
75136,2012-03-25,0.19750729,1
75137,2012-03-25,0.5745592,0
75138,2012-03-25,0.5094149,1
75139,2012-03-25,0.5418424,1
75140,2012-03-25,0.23071218,0
75141,2012-03-25,0.066351816,1
75142,2012-03-25,0.797074,1
75143,2012-03-25,0.3232185,1
75144,2012-03-25,0.7046836,0
75145,2012-03-25,0.77829814,1
75146,2012-03-25,0.15912995,0
75147,2012-03-25,0.054028403,0
75148,2012-03-25,0.11118576,0
75149,2012-03-25,0.53709155,0
75150,2012-03-25,0.19405782,1
75151,2012-03-25,0.42961526,1
75152,2012-03-25,0.07817998,0
75153,2012-03-25,0.10195783,0
75154,2012-03-25,0.16622691,0
75155,2012-03-25,0.34141192,0
75156,2012-03-25,0.6258276,1
75157,2012-03-25,0.16290618,0
75158,2012-03-25,0.07968684,0
75159,2012-03-25,0.21845597,0
75160,2012-03-25,0.63939744,1
75161,2012-03-25,0.51632917,1
75162,2012-03-25,0.37541172,1
75163,2012-03-25,0.2996866,0
75164,2012-03-25,0.116162926,1
75165,2012-03-25,0.4534161,1
75166,2012-03-25,0.4641367,0
75167,2012-03-25,0.2842689,0
75168,2012-03-25,0.11768239,0
75169,2012-03-25,0.8392175,1
75170,2012-03-25,0.24265136,1
75171,2012-03-25,0.6698303,0
75172,2012-03-25,0.6920242,0
75173,2012-03-25,0.3523097,0
75174,2012-03-25,0.13836943,1
75175,2012-03-25,0.14537893,0
75176,2012-03-25,0.14648195,1
75177,2012-03-25,0.094267435,0
75178,2012-03-25,0.09188162,0
75179,2012-03-25,0.25150445,1
75180,2012-03-25,0.24028476,0
75181,2012-03-25,0.27821353,1
75182,2012-03-25,0.21778922,0
75183,2012-03-25,0.24457628,1
75184,2012-03-25,0.118949324,1
75185,2012-03-25,0.21107057,0
75186,2012-03-25,0.16183628,0
75187,2012-03-25,0.74312174,0
75188,2012-03-25,0.08714269,0
75189,2012-03-25,0.2784132,0
75190,2012-03-25,0.44035262,0
75191,2012-03-25,0.5761722,1
75192,2012-03-25,0.19118467,1
75193,2012-03-25,0.6831841,1
75194,2012-03-25,0.22579795,0
75195,2012-03-25,0.37677225,1
75196,2012-03-25,0.38050953,0
75197,2012-03-25,0.6858665,1
75198,2012-03-25,0.14955182,0
75199,2012-03-25,0.4942467,0
75200,2012-03-25,0.11711897,1
75201,2012-03-25,0.17849888,0
75202,2012-03-25,0.34032825,0
75203,2012-03-25,0.0471991,0
75204,2012-03-25,0.18940337,0
75205,2012-03-25,0.2291435,1
75206,2012-03-25,0.09011643,0
75207,2012-03-25,0.13885199,0
75208,2012-03-25,0.04871903,0
75209,2012-03-25,0.22633253,1
75210,2012-03-25,0.21465372,0
75211,2012-03-25,0.57310367,0
75212,2012-03-25,0.07659537,1
75213,2012-03-25,0.6661887,0
75214,2012-03-25,0.5876494,1
75215,2012-03-25,0.67569965,1
75216,2012-03-25,0.08959347,0
75217,2012-03-25,0.21321855,0
75218,2012-03-25,0.1710278,0
75219,2012-03-25,0.21963814,0
75220,2012-03-25,0.19829741,0
75221,2012-03-25,0.09394694,1
75222,2012-03-25,0.24918987,0
75223,2012-03-25,0.41852045,0
75224,2012-03-25,0.17403844,0
75225,2012-03-25,0.13705198,0
75226,2012-03-25,0.45348054,1
75227,2012-03-25,0.26561785,1
75228,2012-03-25,0.5739707,0
75229,2012-03-25,0.62983847,1
75230,2012-03-25,0.09625365,0
75231,2012-03-25,0.49572635,1
75232,2012-03-25,0.52242255,1
75233,2012-03-25,0.71362287,1
75234,2012-03-25,0.22607489,0
75235,2012-03-25,0.2835183,0
75236,2012-03-25,0.076953456,0
75237,2012-03-25,0.07567585,0
75238,2012-03-25,0.87281024,0
75239,2012-03-25,0.1358282,0
75240,2012-03-25,0.19449107,0
75241,2012-03-25,0.10247528,0
75242,2012-03-25,0.15014301,0
75243,2012-03-25,0.123674005,1
75244,2012-03-25,0.65907013,1
75245,2012-03-25,0.28020906,0
75246,2012-03-25,0.5587095,1
75247,2012-03-25,0.118190266,0
75248,2012-03-25,0.30571744,0
75249,2012-03-25,0.35967392,1
75250,2012-03-25,0.47353062,1
75251,2012-03-25,0.7175682,1
75252,2012-03-25,0.1944467,0
75253,2012-03-25,0.14144148,0
75254,2012-03-25,0.45878446,0
75255,2012-03-25,0.27050826,1
75256,2012-03-25,0.15445352,1
75257,2012-03-25,0.3004328,1
75258,2012-03-25,0.034951143,0
75259,2012-03-25,0.46704036,1
75260,2012-03-25,0.12283073,0
75261,2012-03-25,0.11000574,1
75262,2012-03-25,0.660144,1
75263,2012-03-25,0.8726663,1
75264,2012-03-25,0.12762953,0
75265,2012-03-26,0.4607246,0
75266,2012-03-26,0.13117027,1
75267,2012-03-26,0.33777955,0
75268,2012-03-26,0.35658973,0
75269,2012-03-26,0.57537717,1
75270,2012-03-26,0.24285947,0
75271,2012-03-26,0.12807101,0
75272,2012-03-26,0.8731882,1
75273,2012-03-26,0.225388,0
75274,2012-03-26,0.15584135,0
75275,2012-03-26,0.066572726,0
75276,2012-03-26,0.23447554,0
75277,2012-03-26,0.5205656,0
75278,2012-03-26,0.39007136,0
75279,2012-03-26,0.05985029,0
75280,2012-03-26,0.83625686,1
75281,2012-03-26,0.15365556,0
75282,2012-03-26,0.7253663,0
75283,2012-03-26,0.3012704,0
75284,2012-03-26,0.6396817,1
75285,2012-03-26,0.26372728,1
75286,2012-03-26,0.15044104,0
75287,2012-03-26,0.30415246,0
75288,2012-03-26,0.3553465,0
75289,2012-03-26,0.5168226,0
75290,2012-03-26,0.17658916,0
75291,2012-03-26,0.15146029,1
75292,2012-03-26,0.37977037,0
75293,2012-03-26,0.52972233,0
75294,2012-03-26,0.75393176,0
75295,2012-03-26,0.20519486,0
75296,2012-03-26,0.026012274,0
75297,2012-03-26,0.23809563,0
75298,2012-03-26,0.42489436,1
75299,2012-03-26,0.031101821,0
75300,2012-03-26,0.31623355,0
75301,2012-03-26,0.20227316,1
75302,2012-03-26,0.10799879,0
75303,2012-03-26,0.64612424,1
75304,2012-03-26,0.42653623,1
75305,2012-03-26,0.63548,1
75306,2012-03-26,0.82118493,0
75307,2012-03-26,0.673162,1
75308,2012-03-26,0.18390925,0
75309,2012-03-26,0.55970246,0
75310,2012-03-26,0.28627807,0
75311,2012-03-26,0.61030173,1
75312,2012-03-26,0.6240482,1
75313,2012-03-26,0.34678116,0
75314,2012-03-26,0.42662397,0
75315,2012-03-26,0.65818036,1
75316,2012-03-26,0.44320372,0
75317,2012-03-26,0.48459753,0
75318,2012-03-26,0.84864163,1
75319,2012-03-26,0.69847393,1
75320,2012-03-26,0.28830132,1
75321,2012-03-26,0.4254728,1
75322,2012-03-26,0.18252054,0
75323,2012-03-26,0.250748,0
75324,2012-03-26,0.14439626,0
75325,2012-03-26,0.30426437,1
75326,2012-03-26,0.06974654,0
75327,2012-03-26,0.017800113,0
75328,2012-03-26,0.26779136,0
75329,2012-03-26,0.19287099,0
75330,2012-03-26,0.10684043,0
75331,2012-03-26,0.31243792,1
75332,2012-03-26,0.07937004,0
75333,2012-03-26,0.613156,0
75334,2012-03-26,0.6514258,0
75335,2012-03-26,0.5071814,0
75336,2012-03-26,0.07597558,0
75337,2012-03-26,0.32886362,1
75338,2012-03-26,0.08174529,0
75339,2012-03-26,0.45893478,0
75340,2012-03-26,0.07641032,0
75341,2012-03-26,0.18240936,0
75342,2012-03-26,0.59499437,1
75343,2012-03-26,0.14078769,0
75344,2012-03-26,0.76992667,0
75345,2012-03-26,0.3889385,1
75346,2012-03-26,0.22242227,0
75347,2012-03-26,0.20757744,1
75348,2012-03-26,0.26103583,0
75349,2012-03-26,0.67869014,1
75350,2012-03-26,0.281266,1
75351,2012-03-26,0.15309319,0
75352,2012-03-26,0.33045858,0
75353,2012-03-26,0.5937632,1
75354,2012-03-26,0.49359247,0
75355,2012-03-26,0.16004807,0
75356,2012-03-26,0.26196155,0
75357,2012-03-26,0.6314483,1
75358,2012-03-26,0.7840069,0
75359,2012-03-26,0.7126413,1
75360,2012-03-26,0.5460975,0
75361,2012-03-26,0.6403578,1
75362,2012-03-26,0.23938982,1
75363,2012-03-26,0.2616061,1
75364,2012-03-26,0.053847156,0
75365,2012-03-26,0.061277475,0
75366,2012-03-26,0.44195908,0
75367,2012-03-26,0.15675172,0
75368,2012-03-26,0.5129747,0
75369,2012-03-26,0.30112782,1
75370,2012-03-26,0.019029792,0
75371,2012-03-26,0.035513297,0
75372,2012-03-26,0.40863684,0
75373,2012-03-26,0.36823982,0
75374,2012-03-26,0.24933776,0
75375,2012-03-26,0.7529974,1
75376,2012-03-26,0.59751123,0
75377,2012-03-26,0.24820153,0
75378,2012-03-26,0.3523043,1
75379,2012-03-26,0.55921394,1
75380,2012-03-26,0.17085424,1
75381,2012-03-26,0.18655795,0
75382,2012-03-26,0.36362153,1
75383,2012-03-26,0.5243409,0
75384,2012-03-26,0.0997337,0
75385,2012-03-26,0.5692661,0
75386,2012-03-26,0.27890655,1
75387,2012-03-26,0.18042275,0
75388,2012-03-26,0.050935876,0
75389,2012-03-26,0.5193918,1
75390,2012-03-26,0.27382588,1
75391,2012-03-26,0.13986905,1
75392,2012-03-26,0.20648254,0
75393,2012-03-26,0.18225867,0
75394,2012-03-26,0.27822578,0
75395,2012-03-26,0.36718294,0
75396,2012-03-26,0.4943969,1
75397,2012-03-26,0.15477778,1
75398,2012-03-26,0.48351043,1
75399,2012-03-26,0.20980246,0
75400,2012-03-26,0.10986272,0
75401,2012-03-26,0.33530986,1
75402,2012-03-26,0.15243381,0
75403,2012-03-26,0.86006194,1
75404,2012-03-26,0.14510314,0
75405,2012-03-26,0.3826156,1
75406,2012-03-26,0.57145935,1
75407,2012-03-26,0.053066064,0
75408,2012-03-26,0.35627332,0
75409,2012-03-26,0.08060998,0
75410,2012-03-26,0.1408488,1
75411,2012-03-26,0.3358982,1
75412,2012-03-26,0.07762812,1
75413,2012-03-26,0.4373006,1
75414,2012-03-26,0.03810133,0
75415,2012-03-26,0.49403775,1
75416,2012-03-26,0.20730925,0
75417,2012-03-26,0.14427736,0
75418,2012-03-26,0.092200205,0
75419,2012-03-26,0.32229972,0
75420,2012-03-26,0.1418673,1
75421,2012-03-26,0.76952606,1
75422,2012-03-26,0.6561832,0
75423,2012-03-26,0.37420905,0
75424,2012-03-26,0.1619898,1
75425,2012-03-26,0.13875453,0
75426,2012-03-26,0.11173433,1
75427,2012-03-26,0.27836895,0
75428,2012-03-26,0.5933802,1
75429,2012-03-26,0.7432387,1
75430,2012-03-26,0.2842408,1
75431,2012-03-26,0.32066032,0
75432,2012-03-26,0.42705625,1
75433,2012-03-26,0.15676862,0
75434,2012-03-26,0.108798444,0
75435,2012-03-26,0.122002915,0
75436,2012-03-26,0.32245666,0
75437,2012-03-26,0.45230418,1
75438,2012-03-26,0.51335967,1
75439,2012-03-26,0.45496112,0
75440,2012-03-26,0.4838096,0
75441,2012-03-26,0.19138764,0
75442,2012-03-26,0.38644698,1
75443,2012-03-26,0.78094244,1
75444,2012-03-26,0.44757995,0
75445,2012-03-26,0.10377049,1
75446,2012-03-26,0.5688747,1
75447,2012-03-26,0.38498905,0
75448,2012-03-26,0.613761,0
75449,2012-03-26,0.44980073,0
75450,2012-03-26,0.59549993,0
75451,2012-03-26,0.4408495,1
75452,2012-03-26,0.1515404,0
75453,2012-03-26,0.16865264,0
75454,2012-03-26,0.18468235,0
75455,2012-03-26,0.41439754,0
75456,2012-03-26,0.23987365,0
75457,2012-03-26,0.34028715,0
75458,2012-03-26,0.37790492,0
75459,2012-03-26,0.2687515,0
75460,2012-03-26,0.79934794,1
75461,2012-03-26,0.31946602,0
75462,2012-03-26,0.38799208,1
75463,2012-03-26,0.31824246,1
75464,2012-03-26,0.0604924,1
75465,2012-03-26,0.3231094,1
75466,2012-03-26,0.2515654,0
75467,2012-03-26,0.41749904,0
75468,2012-03-26,0.19124207,1
75469,2012-03-26,0.5221966,1
75470,2012-03-26,0.8070901,1
75471,2012-03-26,0.37890008,1
75472,2012-03-26,0.14763437,1
75473,2012-03-26,0.7129629,1
75474,2012-03-26,0.20400871,0
75475,2012-03-26,0.41138652,0
75476,2012-03-26,0.7726975,1
75477,2012-03-26,0.25439614,1
75478,2012-03-26,0.58488744,1
75479,2012-03-26,0.48700762,0
75480,2012-03-26,0.76787,1
75481,2012-03-26,0.61423826,1
75482,2012-03-26,0.3790193,1
75483,2012-03-26,0.36197454,0
75484,2012-03-26,0.13306873,1
75485,2012-03-26,0.143331,0
75486,2012-03-26,0.046397433,0
75487,2012-03-26,0.7910766,0
75488,2012-03-26,0.47450024,1
75489,2012-03-26,0.37388662,0
75490,2012-03-26,0.3215967,0
75491,2012-03-26,0.13137047,1
75492,2012-03-26,0.1472296,0
75493,2012-03-26,0.24565704,0
75494,2012-03-26,0.05515985,0
75495,2012-03-26,0.16609755,1
75496,2012-03-26,0.1806508,1
75497,2012-03-26,0.51301515,0
75498,2012-03-26,0.25395262,1
75499,2012-03-26,0.40659124,1
75500,2012-03-26,0.016202979,0
75501,2012-03-26,0.20103092,0
75502,2012-03-26,0.5178767,1
75503,2012-03-26,0.17923675,1
75504,2012-03-26,0.36756518,1
75505,2012-03-26,0.10601571,0
75506,2012-03-26,0.12661438,0
75507,2012-03-26,0.13755691,0
75508,2012-03-26,0.6133129,1
75509,2012-03-26,0.8933593,1
75510,2012-03-26,0.5985973,1
75511,2012-03-26,0.41561893,1
75512,2012-03-26,0.5789341,0
75513,2012-03-26,0.6626368,0
75514,2012-03-26,0.16501065,0
75515,2012-03-26,0.14748558,0
75516,2012-03-26,0.21832098,1
75517,2012-03-26,0.25372472,0
75518,2012-03-26,0.049445134,1
75519,2012-03-26,0.7457385,1
75520,2012-03-26,0.2447499,1
75521,2012-03-26,0.56626236,1
75522,2012-03-26,0.36184263,0
75523,2012-03-26,0.5972824,0
75524,2012-03-26,0.29444018,1
75525,2012-03-26,0.21501346,1
75526,2012-03-26,0.6066639,1
75527,2012-03-26,0.69895214,1
75528,2012-03-26,0.2716136,0
75529,2012-03-26,0.10089835,1
75530,2012-03-26,0.15094544,1
75531,2012-03-26,0.32653534,1
75532,2012-03-26,0.25509146,0
75533,2012-03-26,0.40718362,0
75534,2012-03-26,0.4862284,0
75535,2012-03-26,0.21561232,0
75536,2012-03-26,0.38811237,1
75537,2012-03-26,0.60087144,0
75538,2012-03-26,0.37765473,1
75539,2012-03-26,0.050637905,0
75540,2012-03-26,0.1123755,0
75541,2012-03-26,0.3307261,1
75542,2012-03-26,0.49446356,1
75543,2012-03-26,0.2928216,1
75544,2012-03-26,0.20534374,1
75545,2012-03-26,0.16927497,1
75546,2012-03-26,0.023705142,0
75547,2012-03-26,0.35389847,1
75548,2012-03-26,0.35786372,1
75549,2012-03-26,0.35935256,0
75550,2012-03-26,0.705743,0
75551,2012-03-26,0.19947076,1
75552,2012-03-26,0.22624461,0
75553,2012-03-26,0.5072916,0
75554,2012-03-26,0.27583557,0
75555,2012-03-26,0.48436764,0
75556,2012-03-26,0.497067,0
75557,2012-03-26,0.11384715,0
75558,2012-03-26,0.590647,1
75559,2012-03-26,0.42870277,1
75560,2012-03-26,0.26607725,0
75561,2012-03-26,0.18564594,0
75562,2012-03-26,0.26132032,0
75563,2012-03-26,0.4159272,0
75564,2012-03-26,0.49194744,0
75565,2012-03-26,0.21841316,1
75566,2012-03-26,0.31019014,0
75567,2012-03-26,0.47725266,0
75568,2012-03-26,0.28062636,0
75569,2012-03-26,0.5553442,0
75570,2012-03-26,0.16506696,0
75571,2012-03-26,0.30461386,0
75572,2012-03-26,0.34565794,1
75573,2012-03-26,0.20038667,1
75574,2012-03-26,0.268825,0
75575,2012-03-26,0.684869,1
75576,2012-03-26,0.50308263,0
75577,2012-03-26,0.32447845,1
75578,2012-03-26,0.26753405,1
75579,2012-03-26,0.25584856,0
75580,2012-03-26,0.4227333,1
75581,2012-03-26,0.71578085,1
75582,2012-03-26,0.12289292,1
75583,2012-03-26,0.20890807,0
75584,2012-03-26,0.561036,1
75585,2012-03-26,0.55053705,1
75586,2012-03-26,0.16685414,0
75587,2012-03-26,0.2397491,1
75588,2012-03-26,0.80793583,0
75589,2012-03-26,0.36004785,0
75590,2012-03-26,0.2739873,0
75591,2012-03-26,0.6527025,1
75592,2012-03-26,0.24618846,0
75593,2012-03-26,0.8485404,0
75594,2012-03-26,0.37773874,0
75595,2012-03-26,0.3625965,0
75596,2012-03-26,0.34743634,0
75597,2012-03-26,0.4049164,0
75598,2012-03-26,0.4485643,0
75599,2012-03-26,0.46377093,0
75600,2012-03-26,0.34154585,1
75601,2012-03-26,0.22876494,0
75602,2012-03-26,0.44971424,1
75603,2012-03-26,0.5799351,0
75604,2012-03-26,0.43262935,1
75605,2012-03-26,0.28542572,0
75606,2012-03-26,0.2739636,0
75607,2012-03-26,0.4217393,0
75608,2012-03-26,0.55531865,1
75609,2012-03-27,0.25984555,0
75610,2012-03-27,0.19870429,0
75611,2012-03-27,0.09008922,0
75612,2012-03-27,0.35922045,0
75613,2012-03-27,0.17522971,1
75614,2012-03-27,0.13062409,0
75615,2012-03-27,0.3833164,0
75616,2012-03-27,0.08420215,0
75617,2012-03-27,0.39463517,0
75618,2012-03-27,0.11120642,0
75619,2012-03-27,0.46534547,1
75620,2012-03-27,0.8055202,0
75621,2012-03-27,0.21504156,1
75622,2012-03-27,0.47050706,1
75623,2012-03-27,0.20633273,0
75624,2012-03-27,0.12970175,0
75625,2012-03-27,0.0999434,1
75626,2012-03-27,0.3800866,0
75627,2012-03-27,0.2230291,0
75628,2012-03-27,0.590434,0
75629,2012-03-27,0.08200434,0
75630,2012-03-27,0.3623922,1
75631,2012-03-27,0.6782417,0
75632,2012-03-27,0.13303648,0
75633,2012-03-27,0.15674154,0
75634,2012-03-27,0.19347818,0
75635,2012-03-27,0.49517733,1
75636,2012-03-27,0.3248383,0
75637,2012-03-27,0.8721072,1
75638,2012-03-27,0.69551146,0
75639,2012-03-27,0.48903415,1
75640,2012-03-27,0.8744853,0
75641,2012-03-27,0.018952565,0
75642,2012-03-27,0.26583186,0
75643,2012-03-27,0.17924283,1
75644,2012-03-27,0.110536955,0
75645,2012-03-27,0.85878295,1
75646,2012-03-27,0.46852598,1
75647,2012-03-27,0.28645566,0
75648,2012-03-27,0.20167719,0
75649,2012-03-27,0.15434499,1
75650,2012-03-27,0.2980232,0
75651,2012-03-27,0.5677256,0
75652,2012-03-27,0.85803056,0
75653,2012-03-27,0.2820684,0
75654,2012-03-27,0.32148534,0
75655,2012-03-27,0.03486667,0
75656,2012-03-27,0.34890938,0
75657,2012-03-27,0.08519326,1
75658,2012-03-27,0.3853958,1
75659,2012-03-27,0.034860466,0
75660,2012-03-27,0.30903077,0
75661,2012-03-27,0.22121783,0
75662,2012-03-27,0.3713835,0
75663,2012-03-27,0.104911074,0
75664,2012-03-27,0.2208269,0
75665,2012-03-27,0.08027142,0
75666,2012-03-27,0.17052022,0
75667,2012-03-27,0.4479223,1
75668,2012-03-27,0.22299485,1
75669,2012-03-27,0.36234903,0
75670,2012-03-27,0.4099626,0
75671,2012-03-27,0.5190633,1
75672,2012-03-27,0.020073604,0
75673,2012-03-27,0.34174165,1
75674,2012-03-27,0.1761024,1
75675,2012-03-27,0.1833872,0
75676,2012-03-27,0.4626764,1
75677,2012-03-27,0.39120284,1
75678,2012-03-27,0.5043129,1
75679,2012-03-27,0.3129894,1
75680,2012-03-27,0.52125174,0
75681,2012-03-27,0.3386447,0
75682,2012-03-27,0.82671845,1
75683,2012-03-27,0.9263821,0
75684,2012-03-27,0.13413014,0
75685,2012-03-27,0.90694153,0
75686,2012-03-27,0.56220657,1
75687,2012-03-27,0.3043224,1
75688,2012-03-27,0.10946483,0
75689,2012-03-27,0.35620356,0
75690,2012-03-27,0.13771324,1
75691,2012-03-27,0.4379648,1
75692,2012-03-27,0.14719914,1
75693,2012-03-27,0.093519665,0
75694,2012-03-27,0.37074548,0
75695,2012-03-27,0.25977808,1
75696,2012-03-27,0.29461432,1
75697,2012-03-27,0.4183831,0
75698,2012-03-27,0.29240385,1
75699,2012-03-27,0.62170327,0
75700,2012-03-27,0.15603934,0
75701,2012-03-27,0.30997255,0
75702,2012-03-27,0.19779521,0
75703,2012-03-27,0.3122372,1
75704,2012-03-27,0.8363852,1
75705,2012-03-27,0.093242005,0
75706,2012-03-27,0.5197542,0
75707,2012-03-27,0.21971293,0
75708,2012-03-27,0.19162312,0
75709,2012-03-27,0.9310087,0
75710,2012-03-27,0.42099452,0
75711,2012-03-27,0.27759528,0
75712,2012-03-27,0.05574908,0
75713,2012-03-27,0.10718455,1
75714,2012-03-27,0.396769,0
75715,2012-03-27,0.79313964,1
75716,2012-03-27,0.24688241,0
75717,2012-03-27,0.42384654,0
75718,2012-03-27,0.22404498,0
75719,2012-03-27,0.35058275,0
75720,2012-03-27,0.4747661,0
75721,2012-03-27,0.16941683,0
75722,2012-03-27,0.39488208,0
75723,2012-03-27,0.011252951,0
75724,2012-03-27,0.15239479,0
75725,2012-03-27,0.17357883,0
75726,2012-03-27,0.33615875,1
75727,2012-03-27,0.29293415,0
75728,2012-03-27,0.06058134,0
75729,2012-03-27,0.124361925,0
75730,2012-03-27,0.66869885,0
75731,2012-03-27,0.31321487,1
75732,2012-03-27,0.34517026,0
75733,2012-03-27,0.33864376,1
75734,2012-03-27,0.24785462,0
75735,2012-03-27,0.20487443,0
75736,2012-03-27,0.16314018,1
75737,2012-03-27,0.4091327,0
75738,2012-03-27,0.022356259,0
75739,2012-03-27,0.21809036,0
75740,2012-03-27,0.27127165,0
75741,2012-03-27,0.049947537,0
75742,2012-03-27,0.10613533,0
75743,2012-03-27,0.339946,1
75744,2012-03-27,0.43331817,0
75745,2012-03-27,0.5974174,0
75746,2012-03-27,0.039148957,0
75747,2012-03-27,0.18706411,0
75748,2012-03-27,0.065797865,0
75749,2012-03-28,0.17196102,0
75750,2012-03-28,0.38444552,1
75751,2012-03-28,0.19558857,0
75752,2012-03-28,0.20409699,1
75753,2012-03-28,0.7389309,1
75754,2012-03-28,0.4224237,0
75755,2012-03-28,0.4038099,1
75756,2012-03-28,0.5197102,1
75757,2012-03-28,0.22001955,0
75758,2012-03-28,0.031170512,0
75759,2012-03-28,0.60332936,0
75760,2012-03-28,0.5070845,0
75761,2012-03-28,0.7985814,1
75762,2012-03-28,0.5001553,1
75763,2012-03-28,0.20989761,1
75764,2012-03-28,0.27917984,1
75765,2012-03-28,0.16875789,1
75766,2012-03-28,0.4447022,0
75767,2012-03-28,0.4381323,0
75768,2012-03-28,0.73325527,0
75769,2012-03-28,0.17112057,0
75770,2012-03-28,0.31018662,1
75771,2012-03-28,0.45747444,0
75772,2012-03-28,0.35855728,1
75773,2012-03-28,0.038696647,0
75774,2012-03-28,0.05828394,0
75775,2012-03-28,0.3025598,0
75776,2012-03-28,0.24372824,0
75777,2012-03-28,0.34367895,0
75778,2012-03-28,0.10676628,0
75779,2012-03-28,0.24035592,1
75780,2012-03-28,0.5367058,0
75781,2012-03-28,0.7911293,1
75782,2012-03-28,0.15105303,1
75783,2012-03-28,0.13544287,0
75784,2012-03-28,0.10057286,0
75785,2012-03-28,0.5863088,0
75786,2012-03-28,0.7458227,0
75787,2012-03-28,0.089055106,1
75788,2012-03-28,0.4441538,1
75789,2012-03-28,0.0941251,1
75790,2012-03-28,0.28945553,0
75791,2012-03-28,0.12128686,0
75792,2012-03-28,0.76809275,1
75793,2012-03-28,0.35596323,1
75794,2012-03-28,0.056786474,0
75795,2012-03-28,0.37142572,0
75796,2012-03-28,0.10922006,1
75797,2012-03-28,0.6275857,1
75798,2012-03-28,0.4065582,1
75799,2012-03-28,0.22447701,0
75800,2012-03-28,0.53298354,1
75801,2012-03-28,0.4890241,1
75802,2012-03-28,0.2810776,0
75803,2012-03-28,0.101291,1
75804,2012-03-28,0.46182978,1
75805,2012-03-28,0.4298697,0
75806,2012-03-28,0.70213854,0
75807,2012-03-28,0.78635556,0
75808,2012-03-28,0.106133915,0
75809,2012-03-28,0.2273973,0
75810,2012-03-28,0.4107525,0
75811,2012-03-28,0.30120602,0
75812,2012-03-28,0.25594726,1
75813,2012-03-28,0.525182,0
75814,2012-03-28,0.6276854,1
75815,2012-03-28,0.38379595,0
75816,2012-03-28,0.56941885,1
75817,2012-03-28,0.5258539,0
75818,2012-03-28,0.49986902,1
75819,2012-03-28,0.8232576,0
75820,2012-03-28,0.64480436,0
75821,2012-03-28,0.7429316,0
75822,2012-03-28,0.18697667,0
75823,2012-03-28,0.28062186,0
75824,2012-03-28,0.27310807,0
75825,2012-03-28,0.30077463,0
75826,2012-03-28,0.3071489,0
75827,2012-03-28,0.45452678,0
75828,2012-03-28,0.71328646,0
75829,2012-03-28,0.2562954,0
75830,2012-03-28,0.18909575,0
75831,2012-03-28,0.27156436,1
75832,2012-03-28,0.2578987,1
75833,2012-03-28,0.20488405,1
75834,2012-03-28,0.49426144,0
75835,2012-03-28,0.14730556,1
75836,2012-03-28,0.28588757,0
75837,2012-03-28,0.13340949,0
75838,2012-03-28,0.5290558,0
75839,2012-03-28,0.24902405,0
75840,2012-03-28,0.44542184,0
75841,2012-03-28,0.4775116,0
75842,2012-03-28,0.40451565,1
75843,2012-03-28,0.36701763,1
75844,2012-03-28,0.66822577,1
75845,2012-03-28,0.6922277,0
75846,2012-03-28,0.18064055,1
75847,2012-03-28,0.05957948,0
75848,2012-03-28,0.20606658,0
75849,2012-03-28,0.2802167,0
75850,2012-03-28,0.1335012,0
75851,2012-03-28,0.20287578,1
75852,2012-03-28,0.14189743,0
75853,2012-03-28,0.387877,1
75854,2012-03-28,0.092531584,0
75855,2012-03-28,0.11557642,0
75856,2012-03-28,0.012756406,0
75857,2012-03-28,0.12374096,0
75858,2012-03-28,0.57782656,1
75859,2012-03-28,0.058807746,0
75860,2012-03-28,0.5672137,1
75861,2012-03-28,0.12975788,1
75862,2012-03-28,0.24223886,0
75863,2012-03-28,0.5790529,0
75864,2012-03-28,0.2834677,0
75865,2012-03-28,0.042440284,0
75866,2012-03-28,0.18353221,0
75867,2012-03-28,0.19878802,0
75868,2012-03-28,0.8373157,0
75869,2012-03-28,0.13668366,0
75870,2012-03-28,0.44332135,0
75871,2012-03-28,0.8368283,0
75872,2012-03-28,0.13065118,0
75873,2012-03-28,0.5371327,0
75874,2012-03-28,0.14386107,0
75875,2012-03-28,0.82743645,0
75876,2012-03-28,0.08847897,0
75877,2012-03-28,0.13152002,0
75878,2012-03-28,0.20991854,0
75879,2012-03-28,0.09323816,0
75880,2012-03-28,0.39863682,0
75881,2012-03-28,0.15012577,0
75882,2012-03-28,0.6363316,1
75883,2012-03-28,0.4436719,1
75884,2012-03-29,0.17838219,0
75885,2012-03-29,0.03853399,0
75886,2012-03-29,0.093234524,0
75887,2012-03-29,0.412448,0
75888,2012-03-29,0.11302901,0
75889,2012-03-29,0.46086988,0
75890,2012-03-29,0.6809035,1
75891,2012-03-29,0.17814901,0
75892,2012-03-29,0.38188994,0
75893,2012-03-29,0.37720007,1
75894,2012-03-29,0.56534827,1
75895,2012-03-29,0.18625146,0
75896,2012-03-29,0.06757532,0
75897,2012-03-29,0.25715694,1
75898,2012-03-29,0.21750347,0
75899,2012-03-29,0.054284956,0
75900,2012-03-29,0.21754427,0
75901,2012-03-29,0.428882,1
75902,2012-03-29,0.58593374,1
75903,2012-03-29,0.18922469,0
75904,2012-03-29,0.3380012,0
75905,2012-03-29,0.37567198,0
75906,2012-03-29,0.6343444,0
75907,2012-03-29,0.6091211,1
75908,2012-03-29,0.57870203,1
75909,2012-03-29,0.059833255,0
75910,2012-03-29,0.24682453,0
75911,2012-03-29,0.18797432,0
75912,2012-03-29,0.1869857,1
75913,2012-03-29,0.36862808,1
75914,2012-03-29,0.19760337,1
75915,2012-03-29,0.10997124,0
75916,2012-03-29,0.32208014,0
75917,2012-03-29,0.37152427,0
75918,2012-03-29,0.23177765,1
75919,2012-03-29,0.23289566,0
75920,2012-03-29,0.21871522,0
75921,2012-03-29,0.7016727,1
75922,2012-03-29,0.80192196,0
75923,2012-03-29,0.8113526,0
75924,2012-03-29,0.14557403,0
75925,2012-03-29,0.11508368,0
75926,2012-03-29,0.13952121,0
75927,2012-03-29,0.3835345,1
75928,2012-03-29,0.07323617,0
75929,2012-03-29,0.5130372,1
75930,2012-03-29,0.52891845,0
75931,2012-03-29,0.32907683,0
75932,2012-03-29,0.1482084,0
75933,2012-03-29,0.07804165,0
75934,2012-03-29,0.5146145,1
75935,2012-03-29,0.6039526,0
75936,2012-03-29,0.54747087,0
75937,2012-03-29,0.039096747,0
75938,2012-03-29,0.14007002,0
75939,2012-03-29,0.043002427,1
75940,2012-03-29,0.14991593,0
75941,2012-03-29,0.08677695,0
75942,2012-03-29,0.28455004,0
75943,2012-03-29,0.2281349,1
75944,2012-03-29,0.41831672,1
75945,2012-03-29,0.4110133,0
75946,2012-03-29,0.27029946,0
75947,2012-03-29,0.6750816,1
75948,2012-03-29,0.8280889,1
75949,2012-03-29,0.1613516,0
75950,2012-03-29,0.29593018,0
75951,2012-03-29,0.16774358,1
75952,2012-03-29,0.31211752,0
75953,2012-03-29,0.25543952,0
75954,2012-03-29,0.46668217,0
75955,2012-03-29,0.33140898,0
75956,2012-03-29,0.15125774,0
75957,2012-03-29,0.08444455,0
75958,2012-03-29,0.07682004,0
75959,2012-03-30,0.1854491,0
75960,2012-03-30,0.4948731,0
75961,2012-03-30,0.053771358,0
75962,2012-03-30,0.5602021,1
75963,2012-03-30,0.08233519,0
75964,2012-03-30,0.04183077,0
75965,2012-03-30,0.0317772,0
75966,2012-03-30,0.2852854,0
75967,2012-03-30,0.11377852,1
75968,2012-03-30,0.094621986,0
75969,2012-03-30,0.46153727,0
75970,2012-03-30,0.4396947,1
75971,2012-03-30,0.34550127,1
75972,2012-03-30,0.3240986,0
75973,2012-03-30,0.3323048,1
75974,2012-03-30,0.61495286,0
75975,2012-03-30,0.3503178,1
75976,2012-03-30,0.098487526,1
75977,2012-03-30,0.57511723,0
75978,2012-03-30,0.2823019,0
75979,2012-03-30,0.928749,0
75980,2012-03-30,0.25739267,1
75981,2012-03-30,0.33499098,0
75982,2012-03-30,0.18426678,0
75983,2012-03-30,0.16199411,1
75984,2012-03-30,0.7862597,1
75985,2012-03-30,0.10753248,0
75986,2012-03-30,0.46570158,1
75987,2012-03-30,0.5930488,0
75988,2012-03-30,0.11778667,1
75989,2012-03-30,0.26011628,0
75990,2012-03-30,0.6487991,1
75991,2012-03-30,0.32561013,1
75992,2012-03-30,0.23491669,0
75993,2012-03-30,0.43589112,0
75994,2012-03-30,0.26084965,0
75995,2012-03-30,0.35876667,1
75996,2012-03-30,0.6374302,0
75997,2012-03-30,0.052565318,0
75998,2012-03-30,0.48304623,1
75999,2012-03-30,0.38075706,0
76000,2012-03-30,0.21787982,0
76001,2012-03-30,0.24240284,0
76002,2012-03-30,0.023758033,1
76003,2012-03-30,0.17244612,0
76004,2012-03-30,0.17775314,0
76005,2012-03-30,0.3632982,0
76006,2012-03-30,0.56110525,1
76007,2012-03-30,0.51571935,1
76008,2012-03-30,0.32465848,0
76009,2012-03-30,0.034491424,0
76010,2012-03-30,0.20364136,0
76011,2012-03-30,0.8211117,0
76012,2012-03-30,0.6513512,1
76013,2012-03-30,0.6303973,1
76014,2012-03-30,0.090302385,0
76015,2012-03-30,0.059078097,1
76016,2012-03-30,0.7497774,0
76017,2012-03-30,0.6146862,1
76018,2012-03-30,0.22645356,0
76019,2012-03-30,0.74692494,1
76020,2012-03-30,0.15837385,0
76021,2012-03-30,0.43604675,1
76022,2012-03-30,0.047992688,1
76023,2012-03-30,0.7365373,0
76024,2012-03-30,0.6121661,1
76025,2012-03-30,0.14020008,0
76026,2012-03-30,0.6414256,0
76027,2012-03-30,0.101252414,0
76028,2012-03-30,0.37516746,1
76029,2012-03-30,0.15952812,1
76030,2012-03-30,0.71312517,1
76031,2012-03-30,0.6907666,1
76032,2012-03-30,0.14179504,0
76033,2012-03-30,0.6594832,0
76034,2012-03-30,0.46586913,1
76035,2012-03-30,0.23474164,0
76036,2012-03-30,0.15276805,1
76037,2012-03-30,0.84578115,0
76038,2012-03-30,0.12016803,0
76039,2012-03-30,0.13008517,0
76040,2012-03-30,0.4819086,0
76041,2012-03-30,0.5472137,0
76042,2012-03-30,0.455687,1
76043,2012-03-30,0.13599257,0
76044,2012-03-30,0.12651987,1
76045,2012-03-30,0.53792226,1
76046,2012-03-30,0.27756503,1
76047,2012-03-30,0.38836026,1
76048,2012-03-30,0.1726509,0
76049,2012-03-30,0.77386427,1
76050,2012-03-30,0.049264014,0
76051,2012-03-30,0.039148957,0
76052,2012-03-30,0.16018984,1
76053,2012-03-30,0.6933113,0
76054,2012-03-30,0.5253579,0
76055,2012-03-30,0.47360107,0
76056,2012-03-30,0.04963436,0
76057,2012-03-30,0.34078124,0
76058,2012-03-30,0.0708152,0
76059,2012-03-30,0.19687888,0
76060,2012-03-31,0.19397801,0
76061,2012-03-31,0.5950575,1
76062,2012-03-31,0.21023457,0
76063,2012-03-31,0.3477299,0
76064,2012-03-31,0.579542,0
76065,2012-03-31,0.61888105,1
76066,2012-03-31,0.06506169,0
76067,2012-03-31,0.036388617,1
76068,2012-03-31,0.62843376,0
76069,2012-03-31,0.49342594,1
76070,2012-03-31,0.44080815,1
76071,2012-03-31,0.09138989,1
76072,2012-03-31,0.08339901,0
76073,2012-03-31,0.36266348,0
76074,2012-03-31,0.27065974,1
76075,2012-03-31,0.22760907,0
76076,2012-03-31,0.04374328,0
76077,2012-03-31,0.13284549,0
76078,2012-03-31,0.63597333,1
76079,2012-03-31,0.29521137,1
76080,2012-03-31,0.27563754,1
76081,2012-03-31,0.27642122,1
76082,2012-03-31,0.21265292,0
76083,2012-03-31,0.12613532,0
76084,2012-03-31,0.14367703,0
76085,2012-03-31,0.75360245,1
76086,2012-03-31,0.6021791,0
76087,2012-03-31,0.41011113,1
76088,2012-03-31,0.75902146,1
76089,2012-03-31,0.55124056,1
76090,2012-03-31,0.3426184,0
76091,2012-03-31,0.1602065,0
76092,2012-03-31,0.10007197,0
76093,2012-03-31,0.37470308,0
76094,2012-03-31,0.21171835,0
76095,2012-03-31,0.58387256,0
76096,2012-03-31,0.6016763,1
76097,2012-03-31,0.3842334,0
76098,2012-03-31,0.2204546,1
76099,2012-03-31,0.12723337,0
76100,2012-03-31,0.117166035,1
76101,2012-03-31,0.30976138,1
76102,2012-03-31,0.17279983,0
76103,2012-03-31,0.4784048,0
76104,2012-03-31,0.13706768,1
76105,2012-03-31,0.212219,0
76106,2012-03-31,0.07785992,0
76107,2012-03-31,0.2939881,1
76108,2012-03-31,0.19075626,0
76109,2012-03-31,0.19611238,0
76110,2012-03-31,0.19508997,0
76111,2012-03-31,0.44048977,1
76112,2012-03-31,0.43235034,1
76113,2012-03-31,0.17008631,0
76114,2012-03-31,0.13624911,0
76115,2012-03-31,0.78651303,0
76116,2012-03-31,0.2672366,0
76117,2012-03-31,0.09286713,0
76118,2012-03-31,0.28108868,0
76119,2012-03-31,0.22692555,0
76120,2012-03-31,0.48744178,0
76121,2012-03-31,0.27769873,0
76122,2012-03-31,0.56691086,1
76123,2012-03-31,0.21431246,0
76124,2012-03-31,0.2335251,0
76125,2012-03-31,0.34209892,0
76126,2012-03-31,0.05323093,1
76127,2012-03-31,0.40083528,0
76128,2012-03-31,0.28087443,0
76129,2012-03-31,0.13389632,0
76130,2012-03-31,0.6448133,1
76131,2012-03-31,0.37753448,1
76132,2012-03-31,0.17483833,0
76133,2012-03-31,0.28831685,0
76134,2012-03-31,0.20093767,0
76135,2012-03-31,0.30972695,1
76136,2012-03-31,0.028761022,0
76137,2012-03-31,0.28294185,1
76138,2012-03-31,0.4289456,1
76139,2012-03-31,0.4969207,0
76140,2012-03-31,0.2893267,1
76141,2012-03-31,0.24897361,1
76142,2012-03-31,0.2575358,0
76143,2012-03-31,0.56377643,0
76144,2012-03-31,0.03999155,0
76145,2012-03-31,0.19002046,1
76146,2012-03-31,0.15320066,0
76147,2012-03-31,0.116429955,1
76148,2012-03-31,0.5570261,0
76149,2012-03-31,0.33886516,1
76150,2012-03-31,0.6795951,1
76151,2012-03-31,0.47376883,1
76152,2012-03-31,0.5044486,1
76153,2012-03-31,0.29084536,0
76154,2012-03-31,0.6704758,1
76155,2012-03-31,0.68422586,1
76156,2012-03-31,0.5995223,0
76157,2012-03-31,0.3888836,0
76158,2012-03-31,0.19348793,1
76159,2012-03-31,0.8568568,0
76160,2012-03-31,0.736251,1
76161,2012-03-31,0.09672973,1
76162,2012-03-31,0.43088785,1
76163,2012-03-31,0.33712167,0
76164,2012-03-31,0.06143379,0
76165,2012-03-31,0.391703,1
76166,2012-03-31,0.51907295,0
76167,2012-03-31,0.5830594,0
76168,2012-03-31,0.35250512,1
76169,2012-03-31,0.20149507,0
76170,2012-03-31,0.08695216,0
76171,2012-03-31,0.4691975,1
76172,2012-03-31,0.24705029,0
76173,2012-03-31,0.19993019,1
76174,2012-03-31,0.066750616,0
76175,2012-03-31,0.6496798,1
76176,2012-03-31,0.16865551,0
76177,2012-03-31,0.29529646,1
76178,2012-03-31,0.26310548,0
76179,2012-03-31,0.17649025,0
76180,2012-03-31,0.17265429,0
76181,2012-03-31,0.121198505,0
76182,2012-03-31,0.048525825,0
76183,2012-03-31,0.10059187,1
76184,2012-03-31,0.15929076,0
76185,2012-03-31,0.027155234,0
76186,2012-03-31,0.184907,1
76187,2012-03-31,0.45096022,0
76188,2012-03-31,0.75040704,1
76189,2012-03-31,0.6674105,0
76190,2012-03-31,0.7331418,1
76191,2012-03-31,0.36333963,1
76192,2012-03-31,0.34258738,0
76193,2012-03-31,0.8384268,1
76194,2012-03-31,0.38312352,0
76195,2012-03-31,0.42893964,0
76196,2012-03-31,0.5415083,1
76197,2012-03-31,0.25256464,0
76198,2012-03-31,0.07802441,0
76199,2012-03-31,0.6804173,0
76200,2012-03-31,0.73433983,0
76201,2012-03-31,0.16810453,0
76202,2012-03-31,0.08280866,0
76203,2012-03-31,0.15211761,0
76204,2012-03-31,0.49635807,1
76205,2012-03-31,0.12130916,0
76206,2012-03-31,0.25874043,0
76207,2012-03-31,0.39864808,1
76208,2012-03-31,0.14371808,0
76209,2012-03-31,0.09388805,0
76210,2012-03-31,0.2915699,0
76211,2012-03-31,0.17253083,1
76212,2012-03-31,0.13007963,1
76213,2012-03-31,0.014254483,0
76214,2012-03-31,0.626405,1
76215,2012-03-31,0.28420523,1
76216,2012-03-31,0.049556255,0
76217,2012-03-31,0.22133157,0
76218,2012-03-31,0.18255287,0
76219,2012-03-31,0.15369765,0
76220,2012-03-31,0.1272903,0
76221,2012-03-31,0.23191547,1
76222,2012-03-31,0.023948679,0
76223,2012-03-31,0.1931152,0
76224,2012-03-31,0.41200233,0
76225,2012-03-31,0.26035064,0
76226,2012-03-31,0.10881317,0
76227,2012-03-31,0.23071007,0
76228,2012-03-31,0.75903314,1
76229,2012-03-31,0.1085533,0
76230,2012-03-31,0.4891854,0
76231,2012-04-01,0.58934766,1
76232,2012-04-01,0.106255144,0
76233,2012-04-01,0.63376755,0
76234,2012-04-01,0.19509946,0
76235,2012-04-01,0.5352775,0
76236,2012-04-01,0.20609748,1
76237,2012-04-01,0.46353695,0
76238,2012-04-01,0.24967135,1
76239,2012-04-01,0.3808624,1
76240,2012-04-01,0.2503737,0
76241,2012-04-01,0.27045274,1
76242,2012-04-01,0.22808732,0
76243,2012-04-01,0.052776024,0
76244,2012-04-01,0.2607185,1
76245,2012-04-01,0.28309473,0
76246,2012-04-01,0.3883207,1
76247,2012-04-01,0.3438154,1
76248,2012-04-01,0.56445664,0
76249,2012-04-01,0.12420369,1
76250,2012-04-01,0.74372905,0
76251,2012-04-01,0.61714524,1
76252,2012-04-01,0.16047978,1
76253,2012-04-01,0.46156642,0
76254,2012-04-01,0.4695754,0
76255,2012-04-01,0.788228,1
76256,2012-04-01,0.09662376,0
76257,2012-04-01,0.63015354,0
76258,2012-04-01,0.30050924,0
76259,2012-04-01,0.014973057,0
76260,2012-04-01,0.7583804,0
76261,2012-04-01,0.25035322,0
76262,2012-04-01,0.45722887,1
76263,2012-04-01,0.50196725,1
76264,2012-04-01,0.11954957,0
76265,2012-04-01,0.15811795,0
76266,2012-04-01,0.253346,1
76267,2012-04-01,0.40152338,0
76268,2012-04-01,0.76374215,1
76269,2012-04-01,0.5469917,1
76270,2012-04-01,0.10836699,1
76271,2012-04-01,0.6866605,1
76272,2012-04-01,0.10558321,0
76273,2012-04-01,0.23208879,1
76274,2012-04-01,0.5633476,1
76275,2012-04-01,0.14562704,1
76276,2012-04-01,0.42012757,0
76277,2012-04-01,0.09716458,0
76278,2012-04-01,0.42803597,1
76279,2012-04-01,0.11130778,0
76280,2012-04-01,0.499654,0
76281,2012-04-01,0.4189389,0
76282,2012-04-01,0.34842852,1
76283,2012-04-01,0.45410633,0
76284,2012-04-01,0.18156902,1
76285,2012-04-01,0.18532026,0
76286,2012-04-01,0.29402018,0
76287,2012-04-01,0.26241156,1
76288,2012-04-01,0.05900374,0
76289,2012-04-01,0.3220425,0
76290,2012-04-01,0.064602196,0
76291,2012-04-01,0.61468524,0
76292,2012-04-01,0.40637952,1
76293,2012-04-01,0.28153715,1
76294,2012-04-01,0.095674746,0
76295,2012-04-01,0.62146705,0
76296,2012-04-01,0.36089244,1
76297,2012-04-01,0.23890391,0
76298,2012-04-01,0.52262676,1
76299,2012-04-01,0.058533363,0
76300,2012-04-01,0.16031712,0
76301,2012-04-01,0.37126517,0
76302,2012-04-01,0.33367684,0
76303,2012-04-01,0.35055104,0
76304,2012-04-01,0.16642371,0
76305,2012-04-01,0.20520492,1
76306,2012-04-01,0.11437115,1
76307,2012-04-01,0.38983992,0
76308,2012-04-01,0.11318914,0
76309,2012-04-01,0.50032634,1
76310,2012-04-01,0.26966143,0
76311,2012-04-01,0.5108393,1
76312,2012-04-01,0.3302116,1
76313,2012-04-01,0.9363337,1
76314,2012-04-01,0.7193397,1
76315,2012-04-01,0.32861528,0
76316,2012-04-01,0.32809007,0
76317,2012-04-01,0.55587316,1
76318,2012-04-01,0.044926424,0
76319,2012-04-01,0.19868657,0
76320,2012-04-01,0.2819163,0
76321,2012-04-01,0.05624266,0
76322,2012-04-01,0.50059927,1
76323,2012-04-01,0.031685404,0
76324,2012-04-01,0.05433516,0
76325,2012-04-01,0.6425807,1
76326,2012-04-01,0.56583536,0
76327,2012-04-01,0.03319383,0
76328,2012-04-01,0.2484474,1
76329,2012-04-01,0.46419033,1
76330,2012-04-01,0.56562424,0
76331,2012-04-01,0.61536545,1
76332,2012-04-01,0.87179995,1
76333,2012-04-01,0.4186291,1
76334,2012-04-01,0.031122603,1
76335,2012-04-01,0.229793,1
76336,2012-04-01,0.15716793,1
76337,2012-04-01,0.361346,0
76338,2012-04-01,0.45126897,1
76339,2012-04-01,0.26776624,1
76340,2012-04-01,0.6691716,0
76341,2012-04-01,0.04359002,0
76342,2012-04-01,0.6826858,0
76343,2012-04-01,0.1210687,0
76344,2012-04-01,0.09646628,0
76345,2012-04-01,0.37543094,1
76346,2012-04-01,0.4670296,0
76347,2012-04-01,0.4266861,1
76348,2012-04-01,0.56829613,0
76349,2012-04-01,0.46302965,0
76350,2012-04-01,0.058774028,0
76351,2012-04-01,0.6690545,0
76352,2012-04-01,0.21567366,0
76353,2012-04-01,0.6595262,1
76354,2012-04-01,0.21191072,0
76355,2012-04-01,0.15257387,0
76356,2012-04-01,0.15141493,0
76357,2012-04-01,0.84516984,0
76358,2012-04-01,0.36672857,0
76359,2012-04-01,0.3143236,1
76360,2012-04-01,0.10325282,1
76361,2012-04-01,0.12502827,0
76362,2012-04-01,0.6615859,0
76363,2012-04-01,0.56144726,1
76364,2012-04-01,0.3113349,1
76365,2012-04-01,0.20748876,1
76366,2012-04-01,0.079863936,0
76367,2012-04-01,0.09768192,0
76368,2012-04-01,0.3580325,0
76369,2012-04-01,0.359691,1
76370,2012-04-01,0.13311431,1
76371,2012-04-01,0.13801494,1
76372,2012-04-01,0.13771707,0
76373,2012-04-01,0.26820529,0
76374,2012-04-01,0.26553258,1
76375,2012-04-01,0.35374206,0
76376,2012-04-01,0.22472875,0
76377,2012-04-01,0.33316356,0
76378,2012-04-01,0.29635665,1
76379,2012-04-01,0.31580204,1
76380,2012-04-01,0.41932288,1
76381,2012-04-01,0.2711525,0
76382,2012-04-01,0.33123395,0
76383,2012-04-01,0.21676762,0
76384,2012-04-01,0.08797196,1
76385,2012-04-01,0.13879119,0
76386,2012-04-01,0.3815355,1
76387,2012-04-01,0.03159937,0
76388,2012-04-01,0.4292508,1
76389,2012-04-01,0.24835673,1
76390,2012-04-01,0.19397774,0
76391,2012-04-01,0.08280624,0
76392,2012-04-01,0.4321363,1
76393,2012-04-01,0.62416035,1
76394,2012-04-01,0.09585348,0
76395,2012-04-01,0.2462653,1
76396,2012-04-01,0.24741542,0
76397,2012-04-01,0.36625,0
76398,2012-04-01,0.21609288,1
76399,2012-04-01,0.7189251,0
76400,2012-04-01,0.09844039,0
76401,2012-04-01,0.5188686,0
76402,2012-04-01,0.14925513,0
76403,2012-04-01,0.23683284,1
76404,2012-04-01,0.6512565,0
76405,2012-04-01,0.2624263,1
76406,2012-04-01,0.70047003,0
76407,2012-04-01,0.62281895,0
76408,2012-04-01,0.5908196,1
76409,2012-04-01,0.715532,0
76410,2012-04-01,0.43453866,0
76411,2012-04-01,0.22298239,0
76412,2012-04-01,0.3112872,0
76413,2012-04-01,0.32139865,0
76414,2012-04-01,0.05007548,0
76415,2012-04-01,0.1754064,0
76416,2012-04-01,0.15221547,0
76417,2012-04-01,0.5438593,0
76418,2012-04-01,0.73453116,0
76419,2012-04-01,0.54162014,1
76420,2012-04-01,0.3756974,0
76421,2012-04-01,0.39187244,0
76422,2012-04-01,0.60449415,0
76423,2012-04-01,0.30309427,0
76424,2012-04-01,0.029795788,0
76425,2012-04-01,0.34336996,0
76426,2012-04-01,0.16363107,0
76427,2012-04-01,0.7223361,1
76428,2012-04-01,0.3868693,0
76429,2012-04-01,0.17209542,1
76430,2012-04-01,0.124483846,0
76431,2012-04-01,0.11296465,0
76432,2012-04-01,0.2506572,0
76433,2012-04-01,0.09392105,1
76434,2012-04-01,0.89515257,0
76435,2012-04-01,0.41819796,1
76436,2012-04-01,0.8264844,1
76437,2012-04-01,0.24220105,1
76438,2012-04-01,0.49436402,1
76439,2012-04-01,0.68642104,0
76440,2012-04-01,0.891834,0
76441,2012-04-01,0.20310585,0
76442,2012-04-01,0.053449508,0
76443,2012-04-01,0.12208161,0
76444,2012-04-01,0.32883415,0
76445,2012-04-01,0.14248675,0
76446,2012-04-01,0.30899,1
76447,2012-04-01,0.6037828,0
76448,2012-04-01,0.49378994,0
76449,2012-04-01,0.19630535,0
76450,2012-04-01,0.44120714,1
76451,2012-04-01,0.048731506,1
76452,2012-04-01,0.15309787,0
76453,2012-04-01,0.37443686,0
76454,2012-04-01,0.6070391,1
76455,2012-04-01,0.22138698,0
76456,2012-04-01,0.027782742,0
76457,2012-04-01,0.07269522,1
76458,2012-04-01,0.5804654,0
76459,2012-04-01,0.238159,0
76460,2012-04-01,0.18952781,0
76461,2012-04-01,0.8279476,0
76462,2012-04-01,0.03221183,0
76463,2012-04-01,0.04372891,0
76464,2012-04-01,0.66730195,1
76465,2012-04-01,0.43121943,1
76466,2012-04-01,0.11835529,0
76467,2012-04-01,0.3855073,0
76468,2012-04-01,0.20536238,0
76469,2012-04-01,0.12965775,0
76470,2012-04-01,0.3037596,0
76471,2012-04-01,0.15872239,0
76472,2012-04-01,0.2647646,0
76473,2012-04-01,0.15387507,1
76474,2012-04-01,0.2885256,0
76475,2012-04-01,0.33191407,1
76476,2012-04-01,0.70670915,0
76477,2012-04-01,0.45589662,1
76478,2012-04-01,0.23734538,0
76479,2012-04-01,0.02777683,0
76480,2012-04-01,0.35755408,0
76481,2012-04-01,0.63566446,1
76482,2012-04-01,0.12204253,0
76483,2012-04-01,0.30342388,0
76484,2012-04-01,0.31493735,0
76485,2012-04-01,0.16033813,0
76486,2012-04-01,0.26170242,0
76487,2012-04-01,0.10314728,0
76488,2012-04-01,0.45538002,1
76489,2012-04-01,0.31946602,0
76490,2012-04-01,0.58870566,1
76491,2012-04-01,0.07201745,0
76492,2012-04-01,0.34554937,1
76493,2012-04-01,0.36799654,0
76494,2012-04-01,0.17460439,0
76495,2012-04-01,0.3554472,0
76496,2012-04-01,0.43504432,0
76497,2012-04-01,0.70301765,0
76498,2012-04-01,0.09138393,0
76499,2012-04-01,0.21829759,0
76500,2012-04-01,0.28088668,0
76501,2012-04-01,0.5574865,1
76502,2012-04-01,0.077034935,0
76503,2012-04-01,0.52144897,1
76504,2012-04-01,0.52809644,1
76505,2012-04-01,0.23108402,1
76506,2012-04-01,0.087429546,0
76507,2012-04-01,0.075697534,0
76508,2012-04-01,0.61266136,1
76509,2012-04-01,0.6881026,1
76510,2012-04-01,0.5459585,1
76511,2012-04-01,0.34370548,0
76512,2012-04-01,0.15084426,0
76513,2012-04-01,0.17984998,0
76514,2012-04-01,0.21242508,1
76515,2012-04-01,0.035781343,0
76516,2012-04-01,0.6157818,0
76517,2012-04-01,0.4112249,1
76518,2012-04-01,0.16758934,1
76519,2012-04-01,0.18178096,0
76520,2012-04-01,0.15877193,0
76521,2012-04-01,0.626977,1
76522,2012-04-01,0.21781228,1
76523,2012-04-01,0.07657739,0
76524,2012-04-01,0.28996766,0
76525,2012-04-01,0.6751351,0
76526,2012-04-01,0.5439671,0
76527,2012-04-01,0.22131017,1
76528,2012-04-01,0.2954607,0
76529,2012-04-01,0.49144635,1
76530,2012-04-01,0.20678477,1
76531,2012-04-01,0.13115028,0
76532,2012-04-01,0.2715172,1
76533,2012-04-01,0.04386363,0
76534,2012-04-01,0.20884407,0
76535,2012-04-01,0.41087547,1
76536,2012-04-01,0.674229,1
76537,2012-04-01,0.21722844,1
76538,2012-04-01,0.36830044,0
76539,2012-04-01,0.22418438,0
76540,2012-04-01,0.3440473,1
76541,2012-04-01,0.2768126,0
76542,2012-04-01,0.59092206,0
76543,2012-04-01,0.33044136,0
76544,2012-04-01,0.0942483,1
76545,2012-04-01,0.28313652,0
76546,2012-04-01,0.79752505,1
76547,2012-04-01,0.0616655,0
76548,2012-04-01,0.43443725,0
76549,2012-04-01,0.6131074,1
76550,2012-04-01,0.27195662,1
76551,2012-04-01,0.57309914,0
76552,2012-04-01,0.2358459,1
76553,2012-04-01,0.4439099,0
76554,2012-04-01,0.54462147,0
76555,2012-04-01,0.42842475,0
76556,2012-04-01,0.21866956,1
76557,2012-04-01,0.29632834,1
76558,2012-04-01,0.2202901,0
76559,2012-04-01,0.21013863,0
76560,2012-04-01,0.1287366,1
76561,2012-04-01,0.30182,1
76562,2012-04-01,0.5378154,1
76563,2012-04-01,0.1299957,0
76564,2012-04-01,0.35360846,0
76565,2012-04-01,0.38091862,1
76566,2012-04-01,0.2863872,1
76567,2012-04-01,0.8656346,1
76568,2012-04-01,0.11606275,1
76569,2012-04-01,0.09716333,0
76570,2012-04-01,0.30833197,0
76571,2012-04-01,0.45417762,0
76572,2012-04-01,0.18747918,0
76573,2012-04-01,0.62101394,1
76574,2012-04-01,0.48253947,0
76575,2012-04-01,0.14662774,0
76576,2012-04-01,0.44919708,0
76577,2012-04-01,0.022207027,1
76578,2012-04-01,0.032739986,0
76579,2012-04-01,0.14496003,1
76580,2012-04-01,0.3560682,1
76581,2012-04-01,0.32041326,0
76582,2012-04-01,0.39275503,1
76583,2012-04-01,0.2652883,1
76584,2012-04-01,0.43721983,1
76585,2012-04-01,0.38648108,0
76586,2012-04-01,0.14790066,1
76587,2012-04-01,0.3931238,0
76588,2012-04-01,0.16747838,0
76589,2012-04-01,0.69715536,0
76590,2012-04-01,0.102939814,0
76591,2012-04-01,0.5475008,1
76592,2012-04-01,0.084234364,0
76593,2012-04-01,0.8354168,1
76594,2012-04-01,0.53103656,0
76595,2012-04-01,0.53440666,1
76596,2012-04-01,0.12129218,0
76597,2012-04-01,0.32129183,0
76598,2012-04-01,0.7376704,1
76599,2012-04-01,0.2815768,0
76600,2012-04-01,0.12489887,0
76601,2012-04-01,0.56055087,1
76602,2012-04-01,0.45118877,0
76603,2012-04-01,0.2628626,0
76604,2012-04-01,0.32076213,0
76605,2012-04-01,0.425041,1
76606,2012-04-01,0.48393998,0
76607,2012-04-01,0.13706025,1
76608,2012-04-01,0.47242862,1
76609,2012-04-01,0.327757,0
76610,2012-04-01,0.3368465,0
76611,2012-04-01,0.19324017,0
76612,2012-04-01,0.24796388,1
76613,2012-04-01,0.747445,0
76614,2012-04-01,0.029065415,0
76615,2012-04-01,0.15955876,0
76616,2012-04-01,0.38883072,0
76617,2012-04-01,0.11899141,1
76618,2012-04-01,0.7455687,0
76619,2012-04-01,0.19836444,0
76620,2012-04-01,0.27596217,1
76621,2012-04-01,0.35872316,1
76622,2012-04-01,0.6998477,0
76623,2012-04-01,0.41252854,1
76624,2012-04-01,0.52942574,1
76625,2012-04-01,0.2557652,0
76626,2012-04-01,0.09337691,0
76627,2012-04-01,0.6075011,0
76628,2012-04-01,0.14659794,0
76629,2012-04-01,0.30033705,0
76630,2012-04-01,0.26891398,1
76631,2012-04-01,0.28761527,0
76632,2012-04-01,0.06322256,0
76633,2012-04-01,0.10521617,0
76634,2012-04-01,0.38129142,0
76635,2012-04-01,0.30876487,1
76636,2012-04-01,0.44066748,1
76637,2012-04-01,0.22448626,0
76638,2012-04-01,0.4636922,0
76639,2012-04-01,0.34319898,1
76640,2012-04-01,0.35292155,0
76641,2012-04-01,0.1492717,0
76642,2012-04-01,0.024252012,0
76643,2012-04-01,0.623704,0
76644,2012-04-01,0.3905421,0
76645,2012-04-01,0.20324463,1
76646,2012-04-01,0.50488687,0
76647,2012-04-01,0.629507,1
76648,2012-04-01,0.2789462,1
76649,2012-04-01,0.16083461,0
76650,2012-04-01,0.23015764,0
76651,2012-04-01,0.08445293,0
76652,2012-04-01,0.09147776,0
76653,2012-04-01,0.4034705,1
76654,2012-04-01,0.07642082,0
76655,2012-04-01,0.27629235,1
76656,2012-04-01,0.2646093,0
76657,2012-04-01,0.040222853,0
76658,2012-04-01,0.5470342,1
76659,2012-04-01,0.3423097,1
76660,2012-04-01,0.4739393,0
76661,2012-04-01,0.76962745,1
76662,2012-04-01,0.08240421,1
76663,2012-04-01,0.61449325,1
76664,2012-04-01,0.048106715,1
76665,2012-04-01,0.7908573,0
76666,2012-04-01,0.8424072,0
76667,2012-04-01,0.54495233,0
76668,2012-04-01,0.5107595,1
76669,2012-04-01,0.7005016,0
76670,2012-04-01,0.5563492,0
76671,2012-04-01,0.59309536,1
76672,2012-04-01,0.40335545,0
76673,2012-04-01,0.18838282,1
76674,2012-04-01,0.2659136,1
76675,2012-04-01,0.030469991,0
76676,2012-04-01,0.42564014,1
76677,2012-04-01,0.33048284,1
76678,2012-04-01,0.39062396,0
76679,2012-04-01,0.30453184,0
76680,2012-04-01,0.48453355,0
76681,2012-04-01,0.2019555,1
76682,2012-04-01,0.1269967,1
76683,2012-04-01,0.681406,0
76684,2012-04-01,0.08679282,1
76685,2012-04-01,0.05062351,0
76686,2012-04-01,0.9174369,0
76687,2012-04-01,0.26806095,0
76688,2012-04-01,0.43615204,0
76689,2012-04-01,0.41724297,1
76690,2012-04-01,0.40601367,1
76691,2012-04-01,0.2735537,1
76692,2012-04-01,0.13656671,0
76693,2012-04-01,0.20494713,0
76694,2012-04-01,0.2475983,0
76695,2012-04-01,0.36804008,0
76696,2012-04-01,0.29691538,1
76697,2012-04-01,0.36348134,1
76698,2012-04-01,0.86325085,1
76699,2012-04-01,0.39071998,1
76700,2012-04-01,0.15909441,0
76701,2012-04-01,0.07817864,0
76702,2012-04-01,0.44679636,0
76703,2012-04-01,0.65743566,1
76704,2012-04-01,0.68888414,0
76705,2012-04-01,0.2728323,0
76706,2012-04-01,0.4386915,1
76707,2012-04-01,0.30368826,0
76708,2012-04-01,0.32478938,0
76709,2012-04-01,0.50091076,1
76710,2012-04-01,0.41819993,0
76711,2012-04-01,0.12205514,0
76712,2012-04-01,0.31893998,1
76713,2012-04-01,0.63993305,1
76714,2012-04-01,0.26349312,1
76715,2012-04-01,0.47831428,0
76716,2012-04-01,0.374402,1
76717,2012-04-01,0.10217088,0
76718,2012-04-01,0.24338041,0
76719,2012-04-01,0.041432038,0
76720,2012-04-01,0.15054886,0
76721,2012-04-01,0.18067218,1
76722,2012-04-01,0.478949,1
76723,2012-04-01,0.5030275,0
76724,2012-04-01,0.5879871,1
76725,2012-04-01,0.08786551,0
76726,2012-04-01,0.037415445,0
76727,2012-04-01,0.374384,0
76728,2012-04-01,0.21152322,1
76729,2012-04-01,0.12596157,1
76730,2012-04-01,0.34091672,0
76731,2012-04-01,0.37554765,1
76732,2012-04-01,0.5765197,0
76733,2012-04-01,0.59253967,0
76734,2012-04-01,0.34810847,0
76735,2012-04-01,0.2505592,0
76736,2012-04-01,0.2462183,0
76737,2012-04-01,0.13097589,1
76738,2012-04-01,0.27146372,0
76739,2012-04-01,0.13118845,0
76740,2012-04-01,0.1298198,0
76741,2012-04-01,0.011545148,0
76742,2012-04-01,0.09613834,0
76743,2012-04-01,0.25010946,1
76744,2012-04-01,0.072138645,0
76745,2012-04-01,0.2235825,0
76746,2012-04-01,0.1548935,0
76747,2012-04-01,0.110524654,0
76748,2012-04-01,0.45528084,1
76749,2012-04-01,0.53276265,0
76750,2012-04-01,0.23897934,0
76751,2012-04-01,0.3771814,0
76752,2012-04-01,0.38015154,0
76753,2012-04-01,0.19126262,0
76754,2012-04-01,0.24271545,1
76755,2012-04-01,0.097548604,1
76756,2012-04-01,0.43769762,1
76757,2012-04-01,0.37368995,0
76758,2012-04-01,0.07685007,0
76759,2012-04-01,0.25752142,0
76760,2012-04-01,0.12031489,0
76761,2012-04-01,0.24148084,1
76762,2012-04-01,0.45424244,1
76763,2012-04-01,0.38457027,1
76764,2012-04-01,0.73514885,1
76765,2012-04-01,0.054365907,0
76766,2012-04-01,0.7244122,1
76767,2012-04-01,0.57577825,1
76768,2012-04-01,0.10963956,0
76769,2012-04-01,0.20688815,0
76770,2012-04-01,0.16231942,1
76771,2012-04-01,0.90851176,1
76772,2012-04-01,0.15089703,0
76773,2012-04-01,0.2733467,0
76774,2012-04-01,0.30101854,0
76775,2012-04-01,0.03557581,0
76776,2012-04-01,0.101349466,0
76777,2012-04-01,0.24802916,1
76778,2012-04-01,0.48070654,1
76779,2012-04-01,0.05984949,0
76780,2012-04-01,0.64809155,0
76781,2012-04-01,0.39034322,0
76782,2012-04-01,0.4695197,0
76783,2012-04-01,0.20484671,0
76784,2012-04-01,0.091378994,1
76785,2012-04-01,0.5722407,1
76786,2012-04-01,0.80035514,0
76787,2012-04-01,0.20817079,0
76788,2012-04-01,0.17069158,1
76789,2012-04-01,0.1262478,1
76790,2012-04-01,0.40798566,0
76791,2012-04-01,0.6070343,1
76792,2012-04-01,0.7760107,0
76793,2012-04-01,0.23722108,0
76794,2012-04-01,0.3501,0
76795,2012-04-01,0.46658927,1
76796,2012-04-01,0.027354328,0
76797,2012-04-01,0.2617327,0
76798,2012-04-01,0.5365162,1
76799,2012-04-01,0.43026155,0
76800,2012-04-01,0.22653,1
76801,2012-04-01,0.6094761,1
76802,2012-04-01,0.14166282,0
76803,2012-04-01,0.13385248,0
76804,2012-04-01,0.35019615,0
76805,2012-04-01,0.62199533,1
76806,2012-04-01,0.5299689,0
76807,2012-04-01,0.14177574,0
76808,2012-04-01,0.13872144,0
76809,2012-04-01,0.17885374,0
76810,2012-04-01,0.31989643,0
76811,2012-04-01,0.62261367,1
76812,2012-04-01,0.5543256,0
76813,2012-04-01,0.17094137,0
76814,2012-04-01,0.035269335,0
76815,2012-04-01,0.13160312,1
76816,2012-04-01,0.2257188,0
76817,2012-04-01,0.4308407,1
76818,2012-04-01,0.28509417,1
76819,2012-04-01,0.4434563,0
76820,2012-04-01,0.20466916,0
76821,2012-04-01,0.2893421,0
76822,2012-04-01,0.18408859,1
76823,2012-04-01,0.5043359,0
76824,2012-04-01,0.9194574,1
76825,2012-04-01,0.76565975,1
76826,2012-04-01,0.65701735,1
76827,2012-04-01,0.28212214,1
76828,2012-04-01,0.31653672,0
76829,2012-04-01,0.49597454,1
76830,2012-04-01,0.39217794,1
76831,2012-04-01,0.30188555,1
76832,2012-04-01,0.56747305,0
76833,2012-04-01,0.2900262,0
76834,2012-04-01,0.47523883,1
76835,2012-04-01,0.37464988,0
76836,2012-04-01,0.30115086,0
76837,2012-04-01,0.55559576,0
76838,2012-04-01,0.55386496,1
76839,2012-04-01,0.30948684,0
76840,2012-04-01,0.2729603,0
76841,2012-04-01,0.694366,1
76842,2012-04-01,0.2686975,0
76843,2012-04-01,0.2961838,0
76844,2012-04-01,0.23640852,0
76845,2012-04-01,0.25878546,0
76846,2012-04-01,0.423346,1
76847,2012-04-01,0.3141552,0
76848,2012-04-01,0.75874716,1
76849,2012-04-01,0.46792188,0
76850,2012-04-01,0.076100506,0
76851,2012-04-01,0.034164533,0
76852,2012-04-01,0.4318963,0
76853,2012-04-01,0.14884347,0
76854,2012-04-01,0.35487399,0
76855,2012-04-01,0.09274843,0
76856,2012-04-01,0.021006783,0
76857,2012-04-01,0.5678114,0
76858,2012-04-01,0.7302719,1
76859,2012-04-01,0.12075124,0
76860,2012-04-01,0.2980044,0
76861,2012-04-01,0.15249802,0
76862,2012-04-01,0.32903108,0
76863,2012-04-01,0.68819463,0
76864,2012-04-01,0.7375313,0
76865,2012-04-01,0.24607153,0
76866,2012-04-01,0.37636754,1
76867,2012-04-01,0.5025945,0
76868,2012-04-01,0.4954468,0
76869,2012-04-01,0.29905927,0
76870,2012-04-01,0.29245988,1
76871,2012-04-01,0.061840255,0
76872,2012-04-01,0.87434804,1
76873,2012-04-01,0.34354103,0
76874,2012-04-01,0.44799358,1
76875,2012-04-01,0.6542675,0
76876,2012-04-01,0.49933404,0
76877,2012-04-01,0.14819628,1
76878,2012-04-01,0.8190479,0
76879,2012-04-01,0.40451193,1
76880,2012-04-01,0.5610054,1
76881,2012-04-01,0.45735845,1
76882,2012-04-01,0.13478492,0
76883,2012-04-01,0.16176973,1
76884,2012-04-01,0.092976004,0
76885,2012-04-01,0.6985688,0
76886,2012-04-01,0.38300875,1
76887,2012-04-01,0.48956192,0
76888,2012-04-01,0.3845265,0
76889,2012-04-01,0.11212478,0
76890,2012-04-01,0.3769778,0
76891,2012-04-01,0.7535368,1
76892,2012-04-01,0.26672107,0
76893,2012-04-01,0.16170178,0
76894,2012-04-01,0.587938,0
76895,2012-04-01,0.59362656,0
76896,2012-04-01,0.47178835,0
76897,2012-04-01,0.79428864,1
76898,2012-04-01,0.3990752,0
76899,2012-04-01,0.2961574,1
76900,2012-04-01,0.71863735,0
76901,2012-04-01,0.23245811,0
76902,2012-04-01,0.42161703,0
76903,2012-04-01,0.06672037,0
76904,2012-04-01,0.041333925,0
76905,2012-04-01,0.76630014,0
76906,2012-04-01,0.20307946,0
76907,2012-04-01,0.53042287,0
76908,2012-04-01,0.063805856,0
76909,2012-04-01,0.22102547,0
76910,2012-04-01,0.17375179,0
76911,2012-04-01,0.51800734,1
76912,2012-04-01,0.055032693,0
76913,2012-04-01,0.66049963,0
76914,2012-04-01,0.37506735,0
76915,2012-04-02,0.47089198,1
76916,2012-04-02,0.109786846,0
76917,2012-04-02,0.9069803,1
76918,2012-04-02,0.09048198,0
76919,2012-04-02,0.7388253,1
76920,2012-04-02,0.15271841,1
76921,2012-04-02,0.36745128,1
76922,2012-04-02,0.33220148,0
76923,2012-04-02,0.16940461,0
76924,2012-04-02,0.3282999,1
76925,2012-04-02,0.1744315,0
76926,2012-04-02,0.3477621,0
76927,2012-04-02,0.13117911,0
76928,2012-04-02,0.15638582,0
76929,2012-04-02,0.23936783,0
76930,2012-04-02,0.07518242,0
76931,2012-04-02,0.4700322,0
76932,2012-04-02,0.5427288,0
76933,2012-04-02,0.36662048,1
76934,2012-04-02,0.13627566,0
76935,2012-04-02,0.09111481,1
76936,2012-04-02,0.21947049,0
76937,2012-04-02,0.08910138,0
76938,2012-04-02,0.11546505,1
76939,2012-04-02,0.13531409,0
76940,2012-04-02,0.053738642,0
76941,2012-04-02,0.07983072,0
76942,2012-04-02,0.40760204,0
76943,2012-04-02,0.029984433,0
76944,2012-04-02,0.043741304,0
76945,2012-04-02,0.15050744,1
76946,2012-04-02,0.20170705,0
76947,2012-04-02,0.17048815,0
76948,2012-04-02,0.0342837,0
76949,2012-04-02,0.036657855,1
76950,2012-04-02,0.011284035,0
76951,2012-04-02,0.38130274,0
76952,2012-04-02,0.2902455,0
76953,2012-04-02,0.13602282,1
76954,2012-04-02,0.11840706,0
76955,2012-04-02,0.38691196,0
76956,2012-04-02,0.75016046,1
76957,2012-04-02,0.5574633,0
76958,2012-04-02,0.09590756,0
76959,2012-04-02,0.101513155,1
76960,2012-04-02,0.0762524,0
76961,2012-04-02,0.0586426,0
76962,2012-04-02,0.5259972,0
76963,2012-04-02,0.28459057,0
76964,2012-04-02,0.7430928,1
76965,2012-04-02,0.23868424,0
76966,2012-04-02,0.38893962,0
76967,2012-04-02,0.081812285,0
76968,2012-04-02,0.106119595,0
76969,2012-04-02,0.04317564,1
76970,2012-04-02,0.47544214,1
76971,2012-04-02,0.5907564,0
76972,2012-04-02,0.282576,0
76973,2012-04-02,0.33833396,0
76974,2012-04-02,0.052353337,0
76975,2012-04-02,0.31946602,0
76976,2012-04-02,0.7128287,1
76977,2012-04-02,0.100137986,0
76978,2012-04-02,0.19304325,1
76979,2012-04-02,0.10421762,0
76980,2012-04-02,0.17197657,0
76981,2012-04-02,0.28535378,1
76982,2012-04-02,0.09186463,0
76983,2012-04-02,0.34510216,0
76984,2012-04-02,0.05456335,0
76985,2012-04-02,0.06958485,0
76986,2012-04-02,0.5256087,0
76987,2012-04-02,0.081999205,1
76988,2012-04-02,0.54220515,0
76989,2012-04-02,0.071085036,0
76990,2012-04-02,0.2099839,0
76991,2012-04-02,0.22991225,1
76992,2012-04-02,0.14209056,1
76993,2012-04-02,0.35528347,0
76994,2012-04-02,0.39787787,1
76995,2012-04-02,0.06266485,0
76996,2012-04-02,0.314573,0
76997,2012-04-02,0.18798706,0
76998,2012-04-02,0.2891147,0
76999,2012-04-02,0.3726306,0
77000,2012-04-02,0.71055424,0
77001,2012-04-02,0.26738644,0
77002,2012-04-02,0.28531173,0
77003,2012-04-02,0.8528949,1
77004,2012-04-02,0.5354972,0
77005,2012-04-02,0.44332528,0
77006,2012-04-02,0.28702986,1
77007,2012-04-02,0.23206377,1
77008,2012-04-02,0.20265393,1
77009,2012-04-02,0.24502462,0
77010,2012-04-02,0.41823116,1
77011,2012-04-02,0.519668,0
77012,2012-04-02,0.15840247,0
77013,2012-04-02,0.48401922,0
77014,2012-04-02,0.53202003,0
77015,2012-04-02,0.42409807,1
77016,2012-04-02,0.21547608,1
77017,2012-04-02,0.15396766,1
77018,2012-04-02,0.30904204,1
77019,2012-04-02,0.4609016,1
77020,2012-04-02,0.3388581,0
77021,2012-04-02,0.17464192,0
77022,2012-04-02,0.10581085,0
77023,2012-04-02,0.4821664,0
77024,2012-04-02,0.527765,1
77025,2012-04-02,0.05136286,1
77026,2012-04-02,0.22867118,1
77027,2012-04-02,0.08725343,0
77028,2012-04-02,0.07643908,0
77029,2012-04-02,0.06087893,0
77030,2012-04-02,0.11423835,0
77031,2012-04-02,0.064061776,0
77032,2012-04-02,0.33141154,0
77033,2012-04-02,0.26196942,1
77034,2012-04-02,0.08501366,0
77035,2012-04-02,0.10997215,1
77036,2012-04-02,0.21146688,0
77037,2012-04-02,0.80264276,0
77038,2012-04-02,0.3712978,0
77039,2012-04-02,0.34986493,0
77040,2012-04-02,0.19824183,0
77041,2012-04-02,0.077708,0
77042,2012-04-02,0.7388693,0
77043,2012-04-02,0.05404526,0
77044,2012-04-02,0.41571465,0
77045,2012-04-02,0.26287708,0
77046,2012-04-02,0.38210288,0
77047,2012-04-02,0.29365352,1
77048,2012-04-02,0.13801984,0
77049,2012-04-02,0.12959118,1
77050,2012-04-02,0.42212567,1
77051,2012-04-02,0.4942467,0
77052,2012-04-02,0.040695254,0
77053,2012-04-02,0.08784663,0
77054,2012-04-02,0.6599626,0
77055,2012-04-02,0.023164209,0
77056,2012-04-02,0.48291147,1
77057,2012-04-02,0.57088447,0
77058,2012-04-02,0.5370347,0
77059,2012-04-02,0.35443753,1
77060,2012-04-02,0.6205561,1
77061,2012-04-02,0.16429013,0
77062,2012-04-02,0.04938837,0
77063,2012-04-02,0.22590382,1
77064,2012-04-02,0.5605745,0
77065,2012-04-02,0.32001793,0
77066,2012-04-02,0.37041396,0
77067,2012-04-02,0.29270238,0
77068,2012-04-02,0.2661978,1
77069,2012-04-02,0.15203027,0
77070,2012-04-02,0.36632136,1
77071,2012-04-02,0.5767405,1
77072,2012-04-02,0.72440827,0
77073,2012-04-02,0.6556728,1
77074,2012-04-02,0.16602059,1
77075,2012-04-02,0.25290534,0
77076,2012-04-02,0.10702688,0
77077,2012-04-02,0.30473226,1
77078,2012-04-02,0.25560674,0
77079,2012-04-02,0.07059904,0
77080,2012-04-02,0.56092024,0
77081,2012-04-02,0.051456574,0
77082,2012-04-02,0.12943971,0
77083,2012-04-02,0.5309304,1
77084,2012-04-02,0.35201198,0
77085,2012-04-02,0.039076723,0
77086,2012-04-02,0.14210235,0
77087,2012-04-02,0.1320436,0
77088,2012-04-02,0.600677,0
77089,2012-04-02,0.06610158,0
77090,2012-04-02,0.12814806,0
77091,2012-04-02,0.113737814,0
77092,2012-04-02,0.3017654,1
77093,2012-04-02,0.3495844,1
77094,2012-04-02,0.116743654,1
77095,2012-04-02,0.2569844,0
77096,2012-04-02,0.3716015,0
77097,2012-04-02,0.061600816,0
77098,2012-04-02,0.21439429,0
77099,2012-04-02,0.539885,0
77100,2012-04-02,0.75555825,0
77101,2012-04-02,0.41392875,1
77102,2012-04-02,0.31519994,1
77103,2012-04-02,0.047690615,0
77104,2012-04-02,0.7022038,0
77105,2012-04-02,0.43003264,0
77106,2012-04-02,0.07977479,1
77107,2012-04-02,0.21414159,0
77108,2012-04-02,0.023091614,0
77109,2012-04-02,0.25609657,0
77110,2012-04-02,0.12595749,0
77111,2012-04-02,0.26333165,1
77112,2012-04-02,0.37480876,0
77113,2012-04-02,0.23368351,0
77114,2012-04-02,0.41029245,0
77115,2012-04-02,0.39685065,1
77116,2012-04-02,0.037767634,1
77117,2012-04-02,0.03507744,0
77118,2012-04-02,0.079987116,1
77119,2012-04-02,0.1828555,0
77120,2012-04-02,0.65509963,1
77121,2012-04-02,0.02671935,0
77122,2012-04-02,0.55468524,0
77123,2012-04-02,0.13746037,0
77124,2012-04-02,0.015370385,0
77125,2012-04-02,0.2634791,0
77126,2012-04-02,0.7819588,0
77127,2012-04-02,0.07176544,1
77128,2012-04-02,0.12039559,0
77129,2012-04-02,0.19109984,0
77130,2012-04-02,0.3642605,0
77131,2012-04-02,0.16344175,1
77132,2012-04-02,0.27524385,0
77133,2012-04-02,0.60808694,0
77134,2012-04-02,0.07753469,0
77135,2012-04-02,0.2811024,0
77136,2012-04-02,0.11287818,1
77137,2012-04-02,0.09205954,0
77138,2012-04-02,0.15051442,0
77139,2012-04-02,0.14020191,0
77140,2012-04-02,0.592297,0
77141,2012-04-02,0.67209065,1
77142,2012-04-02,0.3549126,1
77143,2012-04-02,0.21989658,0
77144,2012-04-02,0.07441393,0
77145,2012-04-02,0.25616494,0
77146,2012-04-02,0.6013725,1
77147,2012-04-02,0.08740543,0
77148,2012-04-02,0.30273375,1
77149,2012-04-02,0.1601231,1
77150,2012-04-02,0.8459223,1
77151,2012-04-02,0.24100171,0
77152,2012-04-02,0.14903769,0
77153,2012-04-02,0.5004301,1
77154,2012-04-02,0.27092078,1
77155,2012-04-02,0.28320727,0
77156,2012-04-02,0.8280355,1
77157,2012-04-02,0.41213107,0
77158,2012-04-02,0.037589405,0
77159,2012-04-02,0.55264795,0
77160,2012-04-02,0.0361372,0
77161,2012-04-02,0.55941546,0
77162,2012-04-02,0.50591713,1
77163,2012-04-02,0.097719036,0
77164,2012-04-02,0.24412882,0
77165,2012-04-02,0.2238964,0
77166,2012-04-02,0.53351295,1
77167,2012-04-02,0.32698864,1
77168,2012-04-02,0.59105754,0
77169,2012-04-02,0.37853017,1
77170,2012-04-02,0.25056857,0
77171,2012-04-02,0.046644084,0
77172,2012-04-02,0.5830931,1
77173,2012-04-02,0.076909885,0
77174,2012-04-02,0.40710458,0
77175,2012-04-02,0.044075068,0
77176,2012-04-02,0.36700156,0
77177,2012-04-02,0.055635985,0
77178,2012-04-02,0.36767447,0
77179,2012-04-02,0.20987435,1
77180,2012-04-02,0.28810453,0
77181,2012-04-02,0.40799677,0
77182,2012-04-02,0.8657936,0
77183,2012-04-02,0.3384232,1
77184,2012-04-02,0.16703776,1
77185,2012-04-02,0.32294333,0
77186,2012-04-02,0.13264228,1
77187,2012-04-02,0.79563975,0
77188,2012-04-02,0.116549134,1
77189,2012-04-02,0.3080161,0
77190,2012-04-02,0.3237412,0
77191,2012-04-02,0.31624284,0
77192,2012-04-02,0.60664254,1
77193,2012-04-02,0.6652311,0
77194,2012-04-02,0.23908333,1
77195,2012-04-02,0.049283016,0
77196,2012-04-02,0.63603026,1
77197,2012-04-02,0.061872777,1
77198,2012-04-02,0.66730654,1
77199,2012-04-02,0.5155291,0
77200,2012-04-02,0.16848043,1
77201,2012-04-02,0.39542842,0
77202,2012-04-02,0.5829958,0
77203,2012-04-02,0.46878195,1
77204,2012-04-02,0.12938589,1
77205,2012-04-02,0.66159177,0
77206,2012-04-02,0.4832514,0
77207,2012-04-02,0.17602819,0
77208,2012-04-02,0.027028581,0
77209,2012-04-02,0.3711784,1
77210,2012-04-02,0.15041213,0
77211,2012-04-02,0.048045766,0
77212,2012-04-02,0.3666819,0
77213,2012-04-02,0.39415005,1
77214,2012-04-02,0.08877431,0
77215,2012-04-02,0.34853724,0
77216,2012-04-02,0.2784895,0
77217,2012-04-02,0.54448104,1
77218,2012-04-02,0.08482104,0
77219,2012-04-02,0.14565265,0
77220,2012-04-02,0.15833206,1
77221,2012-04-02,0.30965713,1
77222,2012-04-02,0.11895179,0
77223,2012-04-02,0.15964003,0
77224,2012-04-02,0.39762053,0
77225,2012-04-02,0.50663054,0
77226,2012-04-02,0.5456435,1
77227,2012-04-02,0.26709214,0
77228,2012-04-02,0.49340898,1
77229,2012-04-02,0.22324601,1
77230,2012-04-02,0.057911232,0
77231,2012-04-02,0.10355502,0
77232,2012-04-02,0.12289158,0
77233,2012-04-02,0.61155504,0
77234,2012-04-02,0.74735993,0
77235,2012-04-02,0.26304305,1
77236,2012-04-02,0.67429376,1
77237,2012-04-02,0.16663113,0
77238,2012-04-02,0.1534908,0
77239,2012-04-02,0.7579647,1
77240,2012-04-02,0.64997494,1
77241,2012-04-02,0.1454384,0
77242,2012-04-02,0.44096923,1
77243,2012-04-02,0.40233302,0
77244,2012-04-02,0.2629934,1
77245,2012-04-02,0.17399307,1
77246,2012-04-02,0.28413647,1
77247,2012-04-02,0.3670901,0
77248,2012-04-02,0.059530597,1
77249,2012-04-02,0.4123975,1
77250,2012-04-02,0.398193,1
77251,2012-04-02,0.27567104,0
77252,2012-04-02,0.33957192,1
77253,2012-04-02,0.31946602,0
77254,2012-04-02,0.43316025,0
77255,2012-04-02,0.14955235,1
77256,2012-04-02,0.31676888,0
77257,2012-04-02,0.7432563,0
77258,2012-04-02,0.108941436,0
77259,2012-04-02,0.20945999,1
77260,2012-04-02,0.23534413,0
77261,2012-04-02,0.64548934,1
77262,2012-04-02,0.47012419,1
77263,2012-04-02,0.09991873,1
77264,2012-04-02,0.696699,1
77265,2012-04-02,0.103246644,1
77266,2012-04-02,0.0633635,0
77267,2012-04-02,0.58907557,1
77268,2012-04-02,0.5970871,0
77269,2012-04-02,0.4779819,1
77270,2012-04-02,0.4883858,0
77271,2012-04-02,0.59945965,1
77272,2012-04-02,0.31513813,1
77273,2012-04-02,0.5184865,0
77274,2012-04-02,0.46266073,0
77275,2012-04-02,0.5243289,0
77276,2012-04-02,0.09839518,0
77277,2012-04-02,0.7011459,1
77278,2012-04-02,0.38259694,0
77279,2012-04-02,0.26311398,1
77280,2012-04-02,0.2138929,0
77281,2012-04-02,0.23871312,0
77282,2012-04-02,0.37176308,0
77283,2012-04-02,0.056740787,0
77284,2012-04-02,0.17296687,0
77285,2012-04-02,0.6691771,0
77286,2012-04-02,0.10813413,0
77287,2012-04-02,0.36114416,0
77288,2012-04-02,0.5078509,0
77289,2012-04-02,0.12740946,1
77290,2012-04-02,0.6962831,0
77291,2012-04-02,0.19645104,0
77292,2012-04-02,0.0945948,0
77293,2012-04-02,0.07980472,0
77294,2012-04-02,0.15148011,0
77295,2012-04-02,0.114528075,0
77296,2012-04-02,0.28851846,0
77297,2012-04-02,0.19610824,0
77298,2012-04-02,0.05880717,1
77299,2012-04-02,0.5107178,1
77300,2012-04-02,0.6684266,1
77301,2012-04-02,0.22836836,1
77302,2012-04-02,0.9416186,0
77303,2012-04-02,0.5133461,0
77304,2012-04-02,0.31906453,1
77305,2012-04-02,0.17889519,0
77306,2012-04-02,0.15013061,0
77307,2012-04-02,0.62670773,1
77308,2012-04-02,0.27706465,0
77309,2012-04-02,0.14038658,0
77310,2012-04-02,0.33802766,0
77311,2012-04-02,0.15998493,0
77312,2012-04-02,0.08521898,0
77313,2012-04-02,0.18886493,0
77314,2012-04-02,0.050941728,0
77315,2012-04-02,0.11712227,1
77316,2012-04-02,0.37436152,0
77317,2012-04-02,0.20164783,0
77318,2012-04-02,0.11010698,0
77319,2012-04-02,0.07000256,0
77320,2012-04-02,0.2373177,1
77321,2012-04-02,0.50762314,0
77322,2012-04-02,0.13362986,0
77323,2012-04-02,0.056979038,1
77324,2012-04-02,0.28139427,0
77325,2012-04-02,0.048477735,0
77326,2012-04-02,0.12318366,1
77327,2012-04-02,0.271657,0
77328,2012-04-02,0.40614447,1
77329,2012-04-02,0.08405994,1
77330,2012-04-02,0.15635337,0
77331,2012-04-02,0.18411921,0
77332,2012-04-02,0.37149,1
77333,2012-04-02,0.30844885,0
77334,2012-04-02,0.19799298,1
77335,2012-04-02,0.118984036,0
77336,2012-04-02,0.41599995,1
77337,2012-04-02,0.3028657,0
77338,2012-04-02,0.37194902,1
77339,2012-04-02,0.18333715,0
77340,2012-04-02,0.10794994,0
77341,2012-04-02,0.25740227,1
77342,2012-04-02,0.051802542,0
77343,2012-04-02,0.17471394,0
77344,2012-04-02,0.7010558,1
77345,2012-04-02,0.63291216,1
77346,2012-04-02,0.2786482,0
77347,2012-04-02,0.32169667,1
77348,2012-04-02,0.2374107,1
77349,2012-04-02,0.5404075,1
77350,2012-04-02,0.039529137,0
77351,2012-04-02,0.6854215,0
77352,2012-04-02,0.18581435,1
77353,2012-04-02,0.094241284,1
77354,2012-04-02,0.7058299,1
77355,2012-04-02,0.5708965,0
77356,2012-04-02,0.05265957,0
77357,2012-04-02,0.118496396,0
77358,2012-04-02,0.57523996,0
77359,2012-04-02,0.10305845,0
77360,2012-04-02,0.18394084,1
77361,2012-04-02,0.6729087,0
77362,2012-04-02,0.102659285,0
77363,2012-04-02,0.46994033,1
77364,2012-04-02,0.41576362,0
77365,2012-04-02,0.023588974,1
77366,2012-04-02,0.4103268,0
77367,2012-04-02,0.3481969,1
77368,2012-04-02,0.39794776,0
77369,2012-04-02,0.5175227,1
77370,2012-04-02,0.3817683,1
77371,2012-04-02,0.12368397,0
77372,2012-04-02,0.06359521,0
77373,2012-04-02,0.064429305,1
77374,2012-04-02,0.93817705,0
77375,2012-04-02,0.61366445,1
77376,2012-04-02,0.87641793,1
77377,2012-04-02,0.6089948,1
77378,2012-04-02,0.22525506,0
77379,2012-04-02,0.7214567,1
77380,2012-04-02,0.74487,0
77381,2012-04-02,0.34757698,1
77382,2012-04-02,0.18288232,0
77383,2012-04-03,0.40554205,1
77384,2012-04-03,0.29078344,0
77385,2012-04-03,0.024421755,0
77386,2012-04-03,0.6739669,1
77387,2012-04-03,0.38603178,1
77388,2012-04-03,0.5068007,0
77389,2012-04-03,0.09202822,0
77390,2012-04-03,0.030074405,0
77391,2012-04-03,0.2244765,1
77392,2012-04-03,0.6540505,1
77393,2012-04-03,0.42307562,0
77394,2012-04-03,0.30656654,1
77395,2012-04-03,0.46166068,1
77396,2012-04-03,0.63032365,0
77397,2012-04-03,0.24317767,0
77398,2012-04-03,0.031127037,0
77399,2012-04-03,0.26111007,1
77400,2012-04-03,0.5206423,0
77401,2012-04-03,0.68711156,0
77402,2012-04-03,0.8083393,0
77403,2012-04-03,0.5278567,0
77404,2012-04-03,0.2554761,0
77405,2012-04-03,0.27541763,0
77406,2012-04-03,0.21485117,0
77407,2012-04-03,0.7743075,0
77408,2012-04-03,0.14346045,0
77409,2012-04-03,0.3820409,1
77410,2012-04-03,0.20835112,0
77411,2012-04-03,0.22771035,1
77412,2012-04-03,0.31028628,1
77413,2012-04-03,0.40368897,1
77414,2012-04-03,0.2529081,0
77415,2012-04-03,0.53043616,0
77416,2012-04-03,0.2595619,0
77417,2012-04-03,0.27201107,1
77418,2012-04-03,0.22590281,0
77419,2012-04-03,0.51509637,1
77420,2012-04-03,0.45186397,1
77421,2012-04-03,0.4582116,0
77422,2012-04-03,0.5274281,0
77423,2012-04-03,0.2506388,0
77424,2012-04-03,0.057154942,0
77425,2012-04-03,0.14599547,0
77426,2012-04-03,0.21851589,1
77427,2012-04-03,0.5091466,1
77428,2012-04-03,0.49823338,0
77429,2012-04-03,0.24197462,0
77430,2012-04-03,0.2522394,1
77431,2012-04-03,0.45004952,1
77432,2012-04-03,0.15623578,0
77433,2012-04-03,0.5058656,1
77434,2012-04-03,0.7378869,1
77435,2012-04-03,0.12772311,0
77436,2012-04-03,0.14208539,1
77437,2012-04-03,0.6824445,0
77438,2012-04-03,0.2301993,0
77439,2012-04-03,0.026902858,0
77440,2012-04-03,0.43777633,0
77441,2012-04-03,0.101517946,0
77442,2012-04-03,0.36692297,1
77443,2012-04-03,0.33246928,1
77444,2012-04-03,0.52526367,1
77445,2012-04-03,0.099708825,0
77446,2012-04-03,0.49534827,1
77447,2012-04-03,0.1870936,0
77448,2012-04-03,0.23221852,0
77449,2012-04-03,0.3077831,1
77450,2012-04-03,0.32138973,0
77451,2012-04-03,0.22829673,0
77452,2012-04-03,0.3811787,0
77453,2012-04-03,0.06659691,0
77454,2012-04-03,0.32703313,0
77455,2012-04-03,0.33529985,1
77456,2012-04-03,0.16546723,0
77457,2012-04-03,0.08696611,0
77458,2012-04-03,0.16975345,0
77459,2012-04-03,0.3564951,1
77460,2012-04-03,0.3755706,0
77461,2012-04-03,0.04846955,0
77462,2012-04-03,0.78295475,0
77463,2012-04-03,0.29349783,1
77464,2012-04-03,0.6090136,0
77465,2012-04-03,0.3639567,0
77466,2012-04-03,0.73152864,1
77467,2012-04-03,0.7980074,1
77468,2012-04-03,0.5256936,1
77469,2012-04-03,0.29166257,0
77470,2012-04-03,0.087376125,0
77471,2012-04-03,0.54414356,0
77472,2012-04-03,0.33555338,0
77473,2012-04-03,0.40401745,1
77474,2012-04-03,0.31159937,1
77475,2012-04-03,0.19495279,0
77476,2012-04-03,0.683581,1
77477,2012-04-03,0.42082885,1
77478,2012-04-03,0.073564306,0
77479,2012-04-03,0.3107305,0
77480,2012-04-03,0.2559752,1
77481,2012-04-03,0.6844695,0
77482,2012-04-03,0.63994443,1
77483,2012-04-03,0.3032044,0
77484,2012-04-03,0.10199619,1
77485,2012-04-03,0.29959,0
77486,2012-04-03,0.1777847,0
77487,2012-04-03,0.071716376,0
77488,2012-04-03,0.9257975,0
77489,2012-04-03,0.2083096,0
77490,2012-04-03,0.42331243,0
77491,2012-04-03,0.112135075,1
77492,2012-04-03,0.3684284,0
77493,2012-04-03,0.52913797,0
77494,2012-04-03,0.045555033,0
77495,2012-04-03,0.10158124,1
77496,2012-04-03,0.48477826,0
77497,2012-04-03,0.055592734,1
77498,2012-04-03,0.2758557,0
77499,2012-04-03,0.2681717,0
77500,2012-04-03,0.28845432,1
77501,2012-04-03,0.038830362,0
77502,2012-04-03,0.6396067,0
77503,2012-04-03,0.62110525,1
77504,2012-04-03,0.1837764,1
77505,2012-04-03,0.42651507,1
77506,2012-04-03,0.1586816,1
77507,2012-04-03,0.6652708,1
77508,2012-04-03,0.18096574,0
77509,2012-04-03,0.0179193,0
77510,2012-04-03,0.25374225,1
77511,2012-04-03,0.41301996,0
77512,2012-04-03,0.049109116,1
77513,2012-04-03,0.5977706,1
77514,2012-04-03,0.38842294,1
77515,2012-04-03,0.31361374,0
77516,2012-04-03,0.5752025,1
77517,2012-04-03,0.2881893,1
77518,2012-04-03,0.22410804,0
77519,2012-04-03,0.09483267,0
77520,2012-04-03,0.7734267,0
77521,2012-04-03,0.12831607,0
77522,2012-04-03,0.32691935,1
77523,2012-04-03,0.44636562,0
77524,2012-04-03,0.11012956,0
77525,2012-04-03,0.1955319,0
77526,2012-04-03,0.19055356,0
77527,2012-04-03,0.24483359,0
77528,2012-04-03,0.70075846,0
77529,2012-04-04,0.62632364,1
77530,2012-04-04,0.16817342,0
77531,2012-04-04,0.3738093,0
77532,2012-04-04,0.4997701,0
77533,2012-04-04,0.45237964,0
77534,2012-04-04,0.71505964,1
77535,2012-04-04,0.1857204,0
77536,2012-04-04,0.5002594,0
77537,2012-04-04,0.16912176,1
77538,2012-04-04,0.58115995,1
77539,2012-04-04,0.21044673,0
77540,2012-04-04,0.6954048,0
77541,2012-04-04,0.2936245,1
77542,2012-04-04,0.45549995,0
77543,2012-04-04,0.10235197,0
77544,2012-04-04,0.10591252,0
77545,2012-04-04,0.19103938,0
77546,2012-04-04,0.2156858,0
77547,2012-04-04,0.6514849,1
77548,2012-04-04,0.41087547,1
77549,2012-04-04,0.353751,0
77550,2012-04-04,0.11435349,0
77551,2012-04-04,0.57341856,0
77552,2012-04-04,0.66934496,1
77553,2012-04-04,0.10421417,0
77554,2012-04-04,0.5002397,0
77555,2012-04-04,0.34584266,0
77556,2012-04-04,0.438656,1
77557,2012-04-04,0.35561964,0
77558,2012-04-04,0.636709,1
77559,2012-04-04,0.16020444,0
77560,2012-04-04,0.15137786,0
77561,2012-04-04,0.09725631,0
77562,2012-04-04,0.05747851,0
77563,2012-04-04,0.32354215,1
77564,2012-04-04,0.77724165,1
77565,2012-04-04,0.57601345,0
77566,2012-04-04,0.37331104,0
77567,2012-04-04,0.09835982,0
77568,2012-04-04,0.14844833,1
77569,2012-04-04,0.15557145,0
77570,2012-04-04,0.428574,0
77571,2012-04-04,0.3653358,1
77572,2012-04-04,0.4954372,0
77573,2012-04-04,0.7615811,1
77574,2012-04-04,0.16451907,1
77575,2012-04-04,0.16111547,0
77576,2012-04-04,0.34977603,0
77577,2012-04-04,0.4572431,0
77578,2012-04-04,0.68394154,1
77579,2012-04-04,0.3757677,1
77580,2012-04-04,0.67176133,1
77581,2012-04-04,0.7175997,1
77582,2012-04-04,0.42632622,0
77583,2012-04-04,0.31050017,1
77584,2012-04-04,0.1384997,0
77585,2012-04-04,0.07661965,0
77586,2012-04-04,0.07308423,1
77587,2012-04-04,0.7533135,0
77588,2012-04-04,0.66396177,0
77589,2012-04-04,0.29231778,0
77590,2012-04-04,0.5828174,0
77591,2012-04-04,0.20079385,0
77592,2012-04-04,0.10955271,0
77593,2012-04-04,0.598272,1
77594,2012-04-04,0.47435313,0
77595,2012-04-04,0.50263464,0
77596,2012-04-04,0.6197655,0
77597,2012-04-04,0.6437869,1
77598,2012-04-04,0.11436717,1
77599,2012-04-04,0.4853735,0
77600,2012-04-04,0.6127126,1
77601,2012-04-04,0.4503145,1
77602,2012-04-04,0.43306282,0
77603,2012-04-04,0.43476248,1
77604,2012-04-04,0.18293317,0
77605,2012-04-04,0.24846248,0
77606,2012-04-04,0.70495135,1
77607,2012-04-04,0.14474474,1
77608,2012-04-04,0.794574,0
77609,2012-04-04,0.14410791,0
77610,2012-04-04,0.14222325,1
77611,2012-04-04,0.6205797,0
77612,2012-04-04,0.20961307,1
77613,2012-04-04,0.55805624,1
77614,2012-04-04,0.38531435,0
77615,2012-04-04,0.3870874,0
77616,2012-04-04,0.60052264,1
77617,2012-04-04,0.64598507,1
77618,2012-04-04,0.48502162,1
77619,2012-04-04,0.09645728,0
77620,2012-04-04,0.18170063,0
77621,2012-04-04,0.3874872,1
77622,2012-04-04,0.32844436,0
77623,2012-04-04,0.18602267,0
77624,2012-04-04,0.11662752,1
77625,2012-04-04,0.4475988,0
77626,2012-04-04,0.36791706,0
77627,2012-04-04,0.32543257,0
77628,2012-04-04,0.76039946,0
77629,2012-04-04,0.40388435,1
77630,2012-04-04,0.50876456,1
77631,2012-04-04,0.60400355,1
77632,2012-04-04,0.6989445,0
77633,2012-04-04,0.603348,0
77634,2012-04-04,0.5108145,0
77635,2012-04-04,0.2238272,1
77636,2012-04-04,0.7552658,1
77637,2012-04-04,0.36289594,0
77638,2012-04-04,0.13591208,1
77639,2012-04-04,0.5612917,0
77640,2012-04-05,0.2796997,0
77641,2012-04-05,0.3223491,0
77642,2012-04-05,0.62408596,1
77643,2012-04-05,0.2611369,0
77644,2012-04-05,0.26309395,0
77645,2012-04-05,0.067364395,1
77646,2012-04-05,0.20800585,0
77647,2012-04-05,0.24986185,0
77648,2012-04-05,0.29968,0
77649,2012-04-05,0.5345382,0
77650,2012-04-05,0.38433275,0
77651,2012-04-05,0.10510076,0
77652,2012-04-05,0.8283594,1
77653,2012-04-05,0.52285564,0
77654,2012-04-05,0.28713536,0
77655,2012-04-05,0.8512312,0
77656,2012-04-05,0.17324358,0
77657,2012-04-05,0.36639977,0
77658,2012-04-05,0.26108277,1
77659,2012-04-05,0.3398114,1
77660,2012-04-05,0.29667702,0
77661,2012-04-05,0.6385464,1
77662,2012-04-05,0.41683882,1
77663,2012-04-05,0.05389271,0
77664,2012-04-05,0.32248798,0
77665,2012-04-05,0.029710615,0
77666,2012-04-05,0.04647529,0
77667,2012-04-05,0.1418747,1
77668,2012-04-05,0.41746756,1
77669,2012-04-05,0.5905578,1
77670,2012-04-05,0.22916342,1
77671,2012-04-05,0.33028424,0
77672,2012-04-05,0.046099164,1
77673,2012-04-05,0.63053364,1
77674,2012-04-05,0.4119384,0
77675,2012-04-05,0.099251054,0
77676,2012-04-05,0.041030828,0
77677,2012-04-05,0.8420792,1
77678,2012-04-05,0.27841797,0
77679,2012-04-05,0.14319798,0
77680,2012-04-05,0.7893762,1
77681,2012-04-05,0.33972973,0
77682,2012-04-05,0.43572423,0
77683,2012-04-05,0.04390935,0
77684,2012-04-05,0.09751496,1
77685,2012-04-05,0.7419314,1
77686,2012-04-05,0.100628756,1
77687,2012-04-05,0.8570952,1
77688,2012-04-05,0.12282837,0
77689,2012-04-05,0.30560073,0
77690,2012-04-05,0.40025935,1
77691,2012-04-05,0.11281532,0
77692,2012-04-05,0.040829618,1
77693,2012-04-05,0.072757356,0
77694,2012-04-05,0.48682985,0
77695,2012-04-05,0.07766292,0
77696,2012-04-05,0.34661886,1
77697,2012-04-05,0.2711927,1
77698,2012-04-05,0.20483561,1
77699,2012-04-05,0.2872014,0
77700,2012-04-05,0.32548854,0
77701,2012-04-05,0.13814731,0
77702,2012-04-05,0.10523285,0
77703,2012-04-05,0.60164565,1
77704,2012-04-05,0.5515457,1
77705,2012-04-05,0.3366007,0
77706,2012-04-05,0.16394614,0
77707,2012-04-05,0.42908758,0
77708,2012-04-05,0.5720217,1
77709,2012-04-05,0.71448326,0
77710,2012-04-05,0.45914683,1
77711,2012-04-05,0.6554362,1
77712,2012-04-05,0.179319,0
77713,2012-04-05,0.11799874,1
77714,2012-04-05,0.34002587,0
77715,2012-04-05,0.38521394,1
77716,2012-04-05,0.3001742,0
77717,2012-04-05,0.05301109,1
77718,2012-04-05,0.07483173,0
77719,2012-04-05,0.44843346,1
77720,2012-04-05,0.03833766,0
77721,2012-04-05,0.14067394,0
77722,2012-04-05,0.2635399,0
77723,2012-04-05,0.29279044,0
77724,2012-04-05,0.6308477,1
77725,2012-04-05,0.6276796,0
77726,2012-04-05,0.72556275,1
77727,2012-04-05,0.7388021,0
77728,2012-04-05,0.071246475,0
77729,2012-04-05,0.36020094,0
77730,2012-04-05,0.17802104,1
77731,2012-04-05,0.76484877,1
77732,2012-04-05,0.050720688,0
77733,2012-04-05,0.3309074,1
77734,2012-04-05,0.08973772,0
77735,2012-04-05,0.43078724,0
77736,2012-04-05,0.7235258,1
77737,2012-04-05,0.29761094,1
77738,2012-04-05,0.025911607,0
77739,2012-04-05,0.45793656,0
77740,2012-04-05,0.26159492,0
77741,2012-04-05,0.14038853,0
77742,2012-04-05,0.42476726,1
77743,2012-04-05,0.27353707,1
77744,2012-04-05,0.12209844,1
77745,2012-04-05,0.21072936,0
77746,2012-04-05,0.50745547,0
77747,2012-04-05,0.285294,0
77748,2012-04-05,0.5295411,0
77749,2012-04-05,0.3528048,0
77750,2012-04-05,0.4215739,0
77751,2012-04-05,0.019797828,0
77752,2012-04-05,0.48431093,1
77753,2012-04-05,0.82575494,0
77754,2012-04-05,0.35367247,1
77755,2012-04-05,0.70070225,1
77756,2012-04-05,0.37652153,1
77757,2012-04-05,0.5183093,1
77758,2012-04-05,0.21602537,0
77759,2012-04-05,0.33118883,1
77760,2012-04-05,0.47514775,0
77761,2012-04-05,0.27935123,1
77762,2012-04-05,0.19699895,0
77763,2012-04-05,0.1570506,1
77764,2012-04-05,0.58444005,1
77765,2012-04-05,0.21949911,0
77766,2012-04-05,0.55406153,1
77767,2012-04-05,0.32208413,0
77768,2012-04-05,0.7457155,0
77769,2012-04-05,0.20066763,0
77770,2012-04-05,0.11915669,1
77771,2012-04-05,0.69565547,1
77772,2012-04-05,0.44949064,1
77773,2012-04-05,0.8309534,0
77774,2012-04-05,0.4534919,1
77775,2012-04-05,0.2342021,1
77776,2012-04-05,0.3235444,0
77777,2012-04-05,0.7074101,1
77778,2012-04-05,0.3308574,0
77779,2012-04-05,0.42887026,0
77780,2012-04-05,0.34731832,0
77781,2012-04-05,0.50016695,0
77782,2012-04-05,0.47374213,0
77783,2012-04-05,0.40515262,0
77784,2012-04-05,0.12449507,0
77785,2012-04-05,0.37371257,1
77786,2012-04-05,0.21210046,0
77787,2012-04-05,0.51698786,0
77788,2012-04-05,0.16746971,1
77789,2012-04-05,0.06353402,0
77790,2012-04-05,0.4158087,1
77791,2012-04-05,0.106620766,0
77792,2012-04-05,0.047966912,0
77793,2012-04-05,0.74903697,0
77794,2012-04-05,0.29149553,0
77795,2012-04-05,0.38355863,1
77796,2012-04-05,0.5686501,0
77797,2012-04-05,0.7121456,1
77798,2012-04-05,0.08672627,0
77799,2012-04-05,0.067836046,0
77800,2012-04-05,0.48128054,0
77801,2012-04-05,0.25776672,0
77802,2012-04-05,0.36260715,1
77803,2012-04-05,0.06752882,0
77804,2012-04-05,0.32890013,1
77805,2012-04-05,0.5224026,0
77806,2012-04-05,0.38405067,1
77807,2012-04-05,0.51729745,1
77808,2012-04-05,0.51681715,1
77809,2012-04-05,0.3478898,1
77810,2012-04-05,0.7340214,1
77811,2012-04-05,0.11649943,0
77812,2012-04-05,0.21473858,1
77813,2012-04-05,0.4526473,0
77814,2012-04-05,0.72062844,0
77815,2012-04-05,0.760435,1
77816,2012-04-05,0.14432392,1
77817,2012-04-05,0.22249892,0
77818,2012-04-05,0.16473965,0
77819,2012-04-05,0.42188323,1
77820,2012-04-05,0.28350508,1
77821,2012-04-05,0.32963154,0
77822,2012-04-05,0.7462567,1
77823,2012-04-05,0.378408,0
77824,2012-04-05,0.54748994,1
77825,2012-04-05,0.23499186,0
77826,2012-04-05,0.25351417,1
77827,2012-04-05,0.70298254,1
77828,2012-04-05,0.12192549,1
77829,2012-04-05,0.45431188,0
77830,2012-04-05,0.07949033,0
77831,2012-04-05,0.051168915,0
77832,2012-04-05,0.34726313,0
77833,2012-04-05,0.53870404,0
77834,2012-04-05,0.43745208,0
77835,2012-04-05,0.72231364,1
77836,2012-04-05,0.4687471,0
77837,2012-04-05,0.55265325,1
77838,2012-04-05,0.4214677,1
77839,2012-04-05,0.23770908,1
77840,2012-04-05,0.6479593,0
77841,2012-04-05,0.09972182,0
77842,2012-04-05,0.88307905,1
77843,2012-04-05,0.5809596,0
77844,2012-04-05,0.49153793,0
77845,2012-04-05,0.30491906,1
77846,2012-04-05,0.3884838,0
77847,2012-04-05,0.64011943,1
77848,2012-04-05,0.35871127,1
77849,2012-04-05,0.28981376,0
77850,2012-04-05,0.17416026,0
77851,2012-04-05,0.15820357,0
77852,2012-04-05,0.6800905,0
77853,2012-04-05,0.25071195,1
77854,2012-04-05,0.4973972,1
77855,2012-04-05,0.34671527,1
77856,2012-04-05,0.36904383,1
77857,2012-04-05,0.6492163,1
77858,2012-04-05,0.05756455,1
77859,2012-04-05,0.15802066,0
77860,2012-04-05,0.1865873,0
77861,2012-04-05,0.31292406,0
77862,2012-04-05,0.2012692,0
77863,2012-04-05,0.5446245,0
77864,2012-04-05,0.5997359,1
77865,2012-04-05,0.44393218,1
77866,2012-04-05,0.13420208,0
77867,2012-04-05,0.33683142,0
77868,2012-04-05,0.31412753,1
77869,2012-04-05,0.14597446,0
77870,2012-04-05,0.62107563,1
77871,2012-04-05,0.6854825,1
77872,2012-04-05,0.26396418,0
77873,2012-04-05,0.31376693,1
77874,2012-04-05,0.32646167,0
77875,2012-04-05,0.82421356,0
77876,2012-04-05,0.5933613,0
77877,2012-04-05,0.08588448,1
77878,2012-04-05,0.6502068,0
77879,2012-04-05,0.14430286,0
77880,2012-04-05,0.6969918,1
77881,2012-04-05,0.1569528,0
77882,2012-04-05,0.37350208,1
77883,2012-04-05,0.14691764,0
77884,2012-04-05,0.09726345,0
77885,2012-04-05,0.11996796,0
77886,2012-04-05,0.09051064,0
77887,2012-04-05,0.18286672,0
77888,2012-04-05,0.39975685,0
77889,2012-04-05,0.024491671,0
77890,2012-04-05,0.29395345,0
77891,2012-04-05,0.27053827,1
77892,2012-04-05,0.5464643,0
77893,2012-04-05,0.3214942,0
77894,2012-04-05,0.36403582,0
77895,2012-04-05,0.23035508,1
77896,2012-04-05,0.40372664,1
77897,2012-04-05,0.48239163,0
77898,2012-04-05,0.09216505,0
77899,2012-04-05,0.25622615,0
77900,2012-04-05,0.41518405,1
77901,2012-04-05,0.06111885,0
77902,2012-04-05,0.53499717,1
77903,2012-04-05,0.27396896,0
77904,2012-04-05,0.8179225,1
77905,2012-04-05,0.017796477,0
77906,2012-04-05,0.26319316,0
77907,2012-04-05,0.16545872,1
77908,2012-04-05,0.117269486,0
77909,2012-04-05,0.44522274,0
77910,2012-04-05,0.5861767,0
77911,2012-04-05,0.6165001,0
77912,2012-04-05,0.5225176,1
77913,2012-04-05,0.43594086,0
77914,2012-04-05,0.73768,1
77915,2012-04-05,0.3793514,0
77916,2012-04-05,0.49086168,0
77917,2012-04-05,0.39057025,0
77918,2012-04-05,0.15701802,0
77919,2012-04-05,0.4523617,1
77920,2012-04-05,0.3573992,1
77921,2012-04-05,0.38113198,0
77922,2012-04-05,0.18358025,0
77923,2012-04-05,0.12560928,1
77924,2012-04-05,0.7465868,1
77925,2012-04-05,0.4728453,1
77926,2012-04-05,0.33799174,1
77927,2012-04-05,0.3803309,1
77928,2012-04-05,0.30811653,0
77929,2012-04-05,0.4167731,1
77930,2012-04-05,0.14222652,0
77931,2012-04-05,0.15698104,0
77932,2012-04-05,0.7271082,1
77933,2012-04-05,0.36272702,1
77934,2012-04-05,0.3885593,1
77935,2012-04-05,0.1033903,0
77936,2012-04-05,0.07985977,0
77937,2012-04-05,0.046026133,0
77938,2012-04-05,0.024577197,1
77939,2012-04-05,0.55736595,0
77940,2012-04-05,0.42704225,1
77941,2012-04-05,0.43861392,1
77942,2012-04-05,0.5168449,1
77943,2012-04-05,0.34328723,0
77944,2012-04-05,0.41144007,0
77945,2012-04-05,0.21791755,1
77946,2012-04-05,0.5119058,0
77947,2012-04-05,0.15377198,0
77948,2012-04-05,0.56328654,1
77949,2012-04-05,0.12325241,0
77950,2012-04-05,0.11531435,1
77951,2012-04-05,0.63121694,1
77952,2012-04-05,0.1148686,0
77953,2012-04-05,0.40272945,1
77954,2012-04-05,0.39048615,0
77955,2012-04-05,0.28020817,0
77956,2012-04-05,0.09285716,0
77957,2012-04-05,0.07757045,1
77958,2012-04-05,0.13074435,0
77959,2012-04-05,0.2986552,1
77960,2012-04-05,0.2929187,1
77961,2012-04-05,0.47228712,0
77962,2012-04-05,0.41213802,0
77963,2012-04-05,0.30678567,0
77964,2012-04-05,0.3165795,0
77965,2012-04-05,0.34589717,0
77966,2012-04-05,0.17140508,0
77967,2012-04-05,0.29736385,1
77968,2012-04-05,0.5563127,1
77969,2012-04-06,0.48772314,0
77970,2012-04-06,0.30614176,1
77971,2012-04-06,0.14045504,0
77972,2012-04-06,0.43027934,1
77973,2012-04-06,0.3293616,0
77974,2012-04-06,0.43477276,0
77975,2012-04-06,0.24478441,0
77976,2012-04-06,0.13304894,1
77977,2012-04-06,0.8908955,1
77978,2012-04-06,0.036914475,0
77979,2012-04-06,0.38947514,0
77980,2012-04-06,0.059279427,0
77981,2012-04-06,0.14971091,1
77982,2012-04-06,0.5276537,0
77983,2012-04-06,0.08828463,1
77984,2012-04-06,0.8405285,0
77985,2012-04-06,0.4206173,0
77986,2012-04-06,0.05221981,0
77987,2012-04-06,0.104837924,0
77988,2012-04-06,0.7040012,1
77989,2012-04-06,0.24065645,0
77990,2012-04-06,0.041168,0
77991,2012-04-06,0.26557365,0
77992,2012-04-06,0.11027687,0
77993,2012-04-06,0.35381344,0
77994,2012-04-06,0.47888684,0
77995,2012-04-06,0.8290173,1
77996,2012-04-06,0.31150174,0
77997,2012-04-06,0.7040945,0
77998,2012-04-06,0.25767216,1
77999,2012-04-06,0.16439347,0
78000,2012-04-06,0.22901563,0
78001,2012-04-06,0.2478305,1
78002,2012-04-06,0.20715094,0
78003,2012-04-06,0.3557433,0
78004,2012-04-06,0.2628964,0
78005,2012-04-06,0.44232893,0
78006,2012-04-06,0.5829114,0
78007,2012-04-06,0.48916936,0
78008,2012-04-06,0.34432194,1
78009,2012-04-06,0.19559439,0
78010,2012-04-06,0.18538307,0
78011,2012-04-06,0.48587677,0
78012,2012-04-06,0.22857988,1
78013,2012-04-06,0.20897691,0
78014,2012-04-06,0.7163351,1
78015,2012-04-06,0.7132211,1
78016,2012-04-06,0.15571971,0
78017,2012-04-06,0.2067835,0
78018,2012-04-06,0.3805326,1
78019,2012-04-06,0.14433476,0
78020,2012-04-06,0.06617294,0
78021,2012-04-06,0.48128527,1
78022,2012-04-06,0.4085866,0
78023,2012-04-06,0.82044166,1
78024,2012-04-06,0.7088897,1
78025,2012-04-06,0.39269876,1
78026,2012-04-06,0.216536,0
78027,2012-04-06,0.40066046,0
78028,2012-04-06,0.044915427,0
78029,2012-04-06,0.088423125,0
78030,2012-04-06,0.08988175,0
78031,2012-04-06,0.20387423,0
78032,2012-04-06,0.1417086,0
78033,2012-04-06,0.081182376,1
78034,2012-04-06,0.361807,1
78035,2012-04-06,0.15100059,0
78036,2012-04-06,0.11649126,0
78037,2012-04-06,0.6241017,1
78038,2012-04-06,0.40821752,1
78039,2012-04-06,0.5027212,1
78040,2012-04-06,0.025631707,0
78041,2012-04-06,0.6438591,1
78042,2012-04-06,0.6322067,1
78043,2012-04-06,0.21715821,0
78044,2012-04-06,0.80359995,1
78045,2012-04-06,0.26394084,1
78046,2012-04-06,0.20439512,0
78047,2012-04-06,0.4174169,0
78048,2012-04-06,0.42689875,1
78049,2012-04-06,0.5360029,0
78050,2012-04-06,0.3891383,0
78051,2012-04-06,0.10182485,0
78052,2012-04-06,0.32830253,1
78053,2012-04-06,0.2301993,0
78054,2012-04-06,0.5991439,0
78055,2012-04-06,0.36160377,1
78056,2012-04-06,0.41745105,1
78057,2012-04-06,0.45481768,1
78058,2012-04-06,0.33730146,0
78059,2012-04-06,0.46952087,1
78060,2012-04-06,0.04636842,0
78061,2012-04-06,0.22456646,1
78062,2012-04-06,0.3039396,1
78063,2012-04-06,0.6355135,1
78064,2012-04-06,0.06482827,0
78065,2012-04-06,0.17051929,0
78066,2012-04-06,0.16352926,1
78067,2012-04-06,0.27004132,0
78068,2012-04-06,0.4305383,0
78069,2012-04-06,0.2323674,1
78070,2012-04-06,0.09605006,0
78071,2012-04-06,0.42819372,0
78072,2012-04-06,0.73668,1
78073,2012-04-06,0.33868793,0
78074,2012-04-06,0.2659564,0
78075,2012-04-06,0.3870948,0
78076,2012-04-06,0.082745105,0
78077,2012-04-06,0.43957087,0
78078,2012-04-06,0.09058135,1
78079,2012-04-06,0.24024662,0
78080,2012-04-06,0.08645803,1
78081,2012-04-06,0.112216845,0
78082,2012-04-06,0.33607444,0
78083,2012-04-06,0.43294996,1
78084,2012-04-06,0.33350846,0
78085,2012-04-06,0.14704657,0
78086,2012-04-06,0.36536685,0
78087,2012-04-06,0.10968745,0
78088,2012-04-06,0.448132,0
78089,2012-04-06,0.23590322,0
78090,2012-04-06,0.43244264,0
78091,2012-04-06,0.5705645,0
78092,2012-04-06,0.4913265,1
78093,2012-04-06,0.14641787,0
78094,2012-04-06,0.08332732,0
78095,2012-04-06,0.1366234,0
78096,2012-04-06,0.5419102,0
78097,2012-04-06,0.16303682,0
78098,2012-04-06,0.21439265,0
78099,2012-04-06,0.81500196,1
78100,2012-04-06,0.2869461,0
78101,2012-04-06,0.16861615,0
78102,2012-04-06,0.48930925,1
78103,2012-04-06,0.23402897,0
78104,2012-04-06,0.32266095,0
78105,2012-04-06,0.4688762,0
78106,2012-04-06,0.12598279,1
78107,2012-04-06,0.10412475,0
78108,2012-04-06,0.09691908,1
78109,2012-04-06,0.61742413,1
78110,2012-04-06,0.39383617,0
78111,2012-04-06,0.23453443,0
78112,2012-04-06,0.655328,1
78113,2012-04-06,0.19836567,0
78114,2012-04-06,0.123911776,0
78115,2012-04-06,0.28790018,0
78116,2012-04-06,0.008168826,0
78117,2012-04-06,0.5074301,0
78118,2012-04-06,0.27504218,1
78119,2012-04-06,0.31908035,0
78120,2012-04-06,0.39030334,0
78121,2012-04-06,0.10063276,0
78122,2012-04-07,0.51929396,1
78123,2012-04-07,0.26406646,0
78124,2012-04-07,0.5569835,1
78125,2012-04-07,0.18084757,0
78126,2012-04-07,0.7093729,1
78127,2012-04-07,0.28213352,0
78128,2012-04-07,0.21094164,0
78129,2012-04-07,0.4717067,1
78130,2012-04-07,0.19516587,0
78131,2012-04-07,0.30366388,0
78132,2012-04-07,0.16532895,1
78133,2012-04-07,0.41641507,0
78134,2012-04-07,0.3139951,0
78135,2012-04-07,0.7727485,1
78136,2012-04-07,0.4040958,0
78137,2012-04-07,0.51254714,0
78138,2012-04-07,0.3771443,1
78139,2012-04-07,0.1459553,0
78140,2012-04-07,0.8304095,0
78141,2012-04-07,0.09539836,0
78142,2012-04-07,0.25125638,0
78143,2012-04-07,0.03595204,0
78144,2012-04-07,0.28195375,0
78145,2012-04-07,0.07140173,0
78146,2012-04-07,0.33750096,0
78147,2012-04-07,0.43477535,1
78148,2012-04-07,0.2653844,0
78149,2012-04-07,0.80064696,1
78150,2012-04-07,0.3097143,0
78151,2012-04-07,0.09531071,1
78152,2012-04-07,0.6030644,1
78153,2012-04-07,0.08336668,0
78154,2012-04-07,0.25563946,0
78155,2012-04-07,0.19386737,1
78156,2012-04-07,0.71164185,0
78157,2012-04-07,0.8743405,0
78158,2012-04-07,0.21056265,1
78159,2012-04-07,0.39792606,1
78160,2012-04-07,0.026603632,0
78161,2012-04-07,0.25198042,0
78162,2012-04-07,0.7551088,1
78163,2012-04-07,0.18183185,0
78164,2012-04-07,0.24183907,0
78165,2012-04-07,0.35415664,0
78166,2012-04-07,0.26081854,0
78167,2012-04-07,0.23152749,1
78168,2012-04-07,0.28821322,0
78169,2012-04-07,0.1254102,1
78170,2012-04-07,0.062625706,1
78171,2012-04-07,0.22630416,1
78172,2012-04-07,0.36055928,0
78173,2012-04-07,0.48353025,0
78174,2012-04-07,0.140067,0
78175,2012-04-07,0.19970177,0
78176,2012-04-07,0.5247365,1
78177,2012-04-07,0.1485807,0
78178,2012-04-07,0.162889,1
78179,2012-04-07,0.6787194,1
78180,2012-04-07,0.3257448,1
78181,2012-04-07,0.24791926,0
78182,2012-04-07,0.21180618,0
78183,2012-04-07,0.0866961,1
78184,2012-04-07,0.80961215,1
78185,2012-04-07,0.10939699,0
78186,2012-04-07,0.5357377,1
78187,2012-04-07,0.07830714,0
78188,2012-04-07,0.505639,1
78189,2012-04-07,0.22971512,0
78190,2012-04-07,0.17077918,0
78191,2012-04-07,0.37095144,0
78192,2012-04-07,0.2533658,0
78193,2012-04-07,0.6839633,1
78194,2012-04-07,0.10762057,1
78195,2012-04-07,0.35888955,0
78196,2012-04-07,0.33228818,1
78197,2012-04-07,0.8019654,0
78198,2012-04-07,0.16060068,0
78199,2012-04-07,0.3090506,0
78200,2012-04-07,0.16343024,0
78201,2012-04-07,0.26334,0
78202,2012-04-07,0.44402853,1
78203,2012-04-07,0.84332895,1
78204,2012-04-07,0.27047595,1
78205,2012-04-07,0.09669823,1
78206,2012-04-07,0.20613652,0
78207,2012-04-07,0.24573793,0
78208,2012-04-07,0.13281325,0
78209,2012-04-07,0.23825528,0
78210,2012-04-07,0.10067568,0
78211,2012-04-07,0.20988508,0
78212,2012-04-07,0.19248658,0
78213,2012-04-07,0.049932152,1
78214,2012-04-07,0.5423464,0
78215,2012-04-07,0.34647503,1
78216,2012-04-07,0.4024965,0
78217,2012-04-07,0.82946527,1
78218,2012-04-07,0.12536608,1
78219,2012-04-07,0.21518677,0
78220,2012-04-07,0.20528115,1
78221,2012-04-07,0.024423642,0
78222,2012-04-07,0.51057523,0
78223,2012-04-07,0.6934431,1
78224,2012-04-07,0.24013893,1
78225,2012-04-07,0.04977295,0
78226,2012-04-07,0.1206731,0
78227,2012-04-07,0.10758624,0
78228,2012-04-07,0.5280098,0
78229,2012-04-07,0.039087452,1
78230,2012-04-07,0.33151546,1
78231,2012-04-07,0.47698894,1
78232,2012-04-07,0.12424378,0
78233,2012-04-07,0.13618466,1
78234,2012-04-07,0.6359115,1
78235,2012-04-07,0.29170254,1
78236,2012-04-07,0.42432362,0
78237,2012-04-07,0.23799522,1
78238,2012-04-07,0.3280494,1
78239,2012-04-07,0.4735344,0
78240,2012-04-07,0.20640735,0
78241,2012-04-07,0.06173856,0
78242,2012-04-07,0.48154986,0
78243,2012-04-07,0.27544472,0
78244,2012-04-07,0.059681587,0
78245,2012-04-07,0.20408545,1
78246,2012-04-07,0.09726217,1
78247,2012-04-07,0.3214807,1
78248,2012-04-07,0.42226106,0
78249,2012-04-07,0.51045036,1
78250,2012-04-07,0.21329828,1
78251,2012-04-07,0.25552326,1
78252,2012-04-07,0.32388386,0
78253,2012-04-07,0.768261,1
78254,2012-04-07,0.4994563,0
78255,2012-04-07,0.53815794,0
78256,2012-04-07,0.05929749,0
78257,2012-04-07,0.18103853,0
78258,2012-04-07,0.46390778,0
78259,2012-04-07,0.16932991,0
78260,2012-04-07,0.33749688,0
78261,2012-04-07,0.60791147,1
78262,2012-04-07,0.37960467,1
78263,2012-04-07,0.16643848,0
78264,2012-04-07,0.10862126,1
78265,2012-04-07,0.39562148,1
78266,2012-04-07,0.36364838,1
78267,2012-04-07,0.09155739,0
78268,2012-04-07,0.5951543,0
78269,2012-04-07,0.69305176,1
78270,2012-04-07,0.8851247,0
78271,2012-04-07,0.33518004,1
78272,2012-04-07,0.32079187,0
78273,2012-04-07,0.078367986,1
78274,2012-04-07,0.1984156,1
78275,2012-04-07,0.29011214,1
78276,2012-04-07,0.12304674,1
78277,2012-04-07,0.2301121,1
78278,2012-04-07,0.20017397,1
78279,2012-04-07,0.42845377,1
78280,2012-04-07,0.08119536,0
78281,2012-04-07,0.37639293,0
78282,2012-04-07,0.6640316,1
78283,2012-04-07,0.44655362,0
78284,2012-04-07,0.6520836,0
78285,2012-04-07,0.2012628,0
78286,2012-04-07,0.048868682,0
78287,2012-04-07,0.21966511,0
78288,2012-04-07,0.45184746,1
78289,2012-04-07,0.57772315,1
78290,2012-04-07,0.5087194,1
78291,2012-04-08,0.12425956,0
78292,2012-04-08,0.57327366,0
78293,2012-04-08,0.033567533,1
78294,2012-04-08,0.45308593,1
78295,2012-04-08,0.6475837,1
78296,2012-04-08,0.31541893,1
78297,2012-04-08,0.08862375,0
78298,2012-04-08,0.16178972,0
78299,2012-04-08,0.507515,0
78300,2012-04-08,0.9139588,1
78301,2012-04-08,0.07792895,0
78302,2012-04-08,0.13733116,0
78303,2012-04-08,0.3124096,1
78304,2012-04-08,0.74958605,0
78305,2012-04-08,0.82435495,1
78306,2012-04-08,0.14685735,0
78307,2012-04-08,0.062285136,0
78308,2012-04-08,0.3236778,0
78309,2012-04-08,0.11132256,1
78310,2012-04-08,0.50476414,1
78311,2012-04-08,0.06763342,0
78312,2012-04-08,0.32427555,0
78313,2012-04-08,0.32172152,0
78314,2012-04-08,0.7845298,0
78315,2012-04-08,0.20917507,0
78316,2012-04-08,0.23492363,0
78317,2012-04-08,0.2823394,0
78318,2012-04-08,0.089377284,1
78319,2012-04-08,0.20798403,1
78320,2012-04-08,0.6523638,0
78321,2012-04-08,0.41932902,1
78322,2012-04-08,0.6148577,1
78323,2012-04-08,0.5865366,0
78324,2012-04-08,0.30469096,1
78325,2012-04-08,0.4430702,0
78326,2012-04-08,0.1426956,0
78327,2012-04-08,0.04115116,0
78328,2012-04-08,0.16824313,0
78329,2012-04-08,0.39863652,1
78330,2012-04-08,0.3885511,0
78331,2012-04-08,0.024871102,0
78332,2012-04-08,0.86204606,1
78333,2012-04-08,0.55173546,0
78334,2012-04-08,0.42671874,0
78335,2012-04-08,0.08355644,0
78336,2012-04-08,0.23118246,1
78337,2012-04-08,0.3679551,0
78338,2012-04-08,0.8950378,1
78339,2012-04-08,0.14016101,1
78340,2012-04-08,0.15651487,0
78341,2012-04-08,0.316817,0
78342,2012-04-08,0.5477741,1
78343,2012-04-08,0.6801555,0
78344,2012-04-08,0.5964646,1
78345,2012-04-08,0.05881346,0
78346,2012-04-08,0.13044922,1
78347,2012-04-08,0.5620609,0
78348,2012-04-08,0.43698144,1
78349,2012-04-08,0.5441732,0
78350,2012-04-08,0.14719076,1
78351,2012-04-08,0.19132169,0
78352,2012-04-08,0.14753543,0
78353,2012-04-08,0.56333834,0
78354,2012-04-08,0.11396116,0
78355,2012-04-08,0.4751951,0
78356,2012-04-08,0.3991826,0
78357,2012-04-08,0.4257576,0
78358,2012-04-08,0.038808435,0
78359,2012-04-08,0.30266327,1
78360,2012-04-08,0.4917605,1
78361,2012-04-08,0.40497333,1
78362,2012-04-08,0.317819,0
78363,2012-04-08,0.27193797,1
78364,2012-04-08,0.22193602,1
78365,2012-04-08,0.042624224,0
78366,2012-04-08,0.14645374,1
78367,2012-04-08,0.8895202,1
78368,2012-04-08,0.5222877,0
78369,2012-04-08,0.70716536,0
78370,2012-04-08,0.18761665,0
78371,2012-04-08,0.6735918,1
78372,2012-04-08,0.07957505,0
78373,2012-04-08,0.18776554,0
78374,2012-04-08,0.20819438,1
78375,2012-04-08,0.2265695,0
78376,2012-04-08,0.107854865,0
78377,2012-04-08,0.14191793,0
78378,2012-04-08,0.89767206,0
78379,2012-04-08,0.24021749,1
78380,2012-04-08,0.31348702,1
78381,2012-04-08,0.2917515,0
78382,2012-04-08,0.26277232,0
78383,2012-04-08,0.0698999,0
78384,2012-04-08,0.54246855,0
78385,2012-04-08,0.32592735,0
78386,2012-04-08,0.1331604,1
78387,2012-04-08,0.42183512,0
78388,2012-04-08,0.5041528,0
78389,2012-04-08,0.1959842,0
78390,2012-04-08,0.033814322,0
78391,2012-04-08,0.13063313,1
78392,2012-04-08,0.15106785,0
78393,2012-04-08,0.1767108,1
78394,2012-04-08,0.618144,0
78395,2012-04-08,0.049667493,0
78396,2012-04-08,0.2474905,1
78397,2012-04-08,0.030305356,0
78398,2012-04-08,0.25081652,1
78399,2012-04-08,0.17285064,1
78400,2012-04-08,0.4918909,0
78401,2012-04-08,0.26761037,1
78402,2012-04-08,0.037131216,0
78403,2012-04-08,0.021960638,0
78404,2012-04-08,0.7057871,0
78405,2012-04-08,0.1876559,0
78406,2012-04-08,0.30959168,1
78407,2012-04-08,0.40405673,1
78408,2012-04-08,0.23341674,0
78409,2012-04-08,0.15884136,1
78410,2012-04-08,0.5168505,0
78411,2012-04-08,0.5398454,0
78412,2012-04-08,0.13367306,0
78413,2012-04-08,0.5883123,1
78414,2012-04-08,0.16447577,1
78415,2012-04-08,0.23609836,0
78416,2012-04-08,0.14716978,1
78417,2012-04-08,0.65617156,0
78418,2012-04-08,0.40833288,0
78419,2012-04-08,0.2589716,0
78420,2012-04-08,0.32532153,0
78421,2012-04-08,0.15864769,0
78422,2012-04-08,0.26905718,0
78423,2012-04-08,0.32981777,1
78424,2012-04-08,0.51098746,0
78425,2012-04-08,0.42823422,0
78426,2012-04-08,0.43036777,0
78427,2012-04-08,0.20595507,0
78428,2012-04-08,0.18197453,0
78429,2012-04-08,0.4697535,1
78430,2012-04-08,0.32866442,1
78431,2012-04-08,0.28586486,1
78432,2012-04-08,0.38119292,0
78433,2012-04-08,0.37477034,0
78434,2012-04-08,0.4801259,0
78435,2012-04-08,0.4650964,0
78436,2012-04-08,0.14603277,1
78437,2012-04-08,0.7498736,1
78438,2012-04-08,0.60513103,0
78439,2012-04-08,0.5413586,1
78440,2012-04-08,0.38716376,1
78441,2012-04-08,0.3416598,0
78442,2012-04-08,0.042098753,0
78443,2012-04-08,0.1288686,0
78444,2012-04-08,0.10356441,0
78445,2012-04-08,0.21716808,0
78446,2012-04-08,0.10182105,0
78447,2012-04-08,0.02478473,0
78448,2012-04-08,0.28426394,0
78449,2012-04-08,0.42403036,0
78450,2012-04-08,0.7762792,0
78451,2012-04-08,0.68995976,0
78452,2012-04-08,0.19422442,1
78453,2012-04-08,0.565543,0
78454,2012-04-08,0.042602234,0
78455,2012-04-08,0.323295,1
78456,2012-04-08,0.101986885,0
78457,2012-04-08,0.36256105,0
78458,2012-04-08,0.4403798,1
78459,2012-04-08,0.057497673,0
78460,2012-04-08,0.30757758,0
78461,2012-04-08,0.3381179,0
78462,2012-04-08,0.13274558,1
78463,2012-04-08,0.4076659,1
78464,2012-04-08,0.29029632,1
78465,2012-04-08,0.21574034,1
78466,2012-04-08,0.19566596,1
78467,2012-04-08,0.19168511,0
78468,2012-04-08,0.07894963,0
78469,2012-04-08,0.25242049,0
78470,2012-04-08,0.20604731,0
78471,2012-04-08,0.18712349,0
78472,2012-04-08,0.3593115,0
78473,2012-04-08,0.3064034,0
78474,2012-04-08,0.08565754,0
78475,2012-04-08,0.34627804,0
78476,2012-04-08,0.31400687,1
78477,2012-04-08,0.3026495,0
78478,2012-04-08,0.08942222,0
78479,2012-04-08,0.67412394,0
78480,2012-04-08,0.5716958,1
78481,2012-04-08,0.5227887,1
78482,2012-04-08,0.37201077,1
78483,2012-04-08,0.19600889,1
78484,2012-04-08,0.6351024,1
78485,2012-04-08,0.37917966,0
78486,2012-04-08,0.099649824,0
78487,2012-04-08,0.7953935,1
78488,2012-04-08,0.44723186,0
78489,2012-04-08,0.3201413,0
78490,2012-04-08,0.5056801,0
78491,2012-04-08,0.21031179,1
78492,2012-04-08,0.7385125,1
78493,2012-04-08,0.035592716,0
78494,2012-04-08,0.40926012,0
78495,2012-04-08,0.23659894,0
78496,2012-04-08,0.082971506,0
78497,2012-04-08,0.08774814,0
78498,2012-04-08,0.40396267,0
78499,2012-04-08,0.8464965,1
78500,2012-04-08,0.8383219,0
78501,2012-04-08,0.23479116,1
78502,2012-04-08,0.43484265,1
78503,2012-04-08,0.6026757,1
78504,2012-04-08,0.4833643,1
78505,2012-04-08,0.06508021,0
78506,2012-04-08,0.07555225,1
78507,2012-04-08,0.35717568,1
78508,2012-04-08,0.31386054,0
78509,2012-04-08,0.25561422,1
78510,2012-04-08,0.4798665,0
78511,2012-04-08,0.09709351,0
78512,2012-04-08,0.08331077,0
78513,2012-04-08,0.7461528,1
78514,2012-04-08,0.5205196,1
78515,2012-04-08,0.117531,0
78516,2012-04-08,0.29728892,0
78517,2012-04-08,0.28958878,0
78518,2012-04-08,0.39064378,0
78519,2012-04-08,0.09916955,0
78520,2012-04-08,0.4233198,0
78521,2012-04-08,0.4025975,0
78522,2012-04-08,0.13888492,0
78523,2012-04-08,0.19777085,0
78524,2012-04-08,0.046960652,0
78525,2012-04-08,0.35296384,0
78526,2012-04-08,0.32919002,0
78527,2012-04-08,0.21409312,0
78528,2012-04-08,0.10270419,0
78529,2012-04-08,0.8567992,1
78530,2012-04-08,0.08783857,0
78531,2012-04-08,0.60412675,1
78532,2012-04-08,0.38770303,1
78533,2012-04-08,0.22103083,0
78534,2012-04-08,0.108170375,0
78535,2012-04-08,0.013628629,0
78536,2012-04-08,0.30037808,1
78537,2012-04-08,0.25790954,0
78538,2012-04-08,0.06839263,0
78539,2012-04-08,0.06828606,0
78540,2012-04-08,0.6960624,0
78541,2012-04-08,0.6935951,1
78542,2012-04-08,0.20516191,0
78543,2012-04-08,0.16807942,0
78544,2012-04-08,0.13085388,0
78545,2012-04-08,0.49058756,1
78546,2012-04-08,0.09301403,0
78547,2012-04-08,0.53847253,0
78548,2012-04-08,0.42429835,1
78549,2012-04-08,0.5845752,0
78550,2012-04-08,0.3812644,0
78551,2012-04-08,0.14243756,0
78552,2012-04-08,0.45827582,1
78553,2012-04-08,0.33010343,1
78554,2012-04-08,0.43980396,1
78555,2012-04-08,0.7571889,1
78556,2012-04-09,0.043810695,0
78557,2012-04-09,0.6870815,0
78558,2012-04-09,0.087532856,0
78559,2012-04-09,0.18622375,0
78560,2012-04-09,0.1882846,0
78561,2012-04-09,0.029379336,0
78562,2012-04-09,0.5786479,0
78563,2012-04-09,0.046980776,0
78564,2012-04-09,0.021392658,0
78565,2012-04-09,0.2747338,1
78566,2012-04-09,0.70038116,0
78567,2012-04-09,0.19482258,1
78568,2012-04-09,0.52752423,1
78569,2012-04-09,0.13434963,1
78570,2012-04-09,0.3372417,0
78571,2012-04-09,0.010363265,0
78572,2012-04-09,0.14779311,0
78573,2012-04-09,0.38469562,0
78574,2012-04-09,0.26703563,0
78575,2012-04-09,0.16875593,0
78576,2012-04-09,0.6320072,0
78577,2012-04-09,0.083434284,0
78578,2012-04-09,0.38119438,1
78579,2012-04-09,0.17156772,1
78580,2012-04-09,0.5007608,0
78581,2012-04-09,0.6165309,0
78582,2012-04-09,0.23933652,1
78583,2012-04-09,0.1475094,0
78584,2012-04-09,0.6172408,0
78585,2012-04-09,0.19968136,1
78586,2012-04-09,0.10337076,1
78587,2012-04-09,0.37949094,1
78588,2012-04-09,0.7555373,0
78589,2012-04-09,0.08703551,0
78590,2012-04-09,0.2394583,1
78591,2012-04-09,0.24529761,0
78592,2012-04-09,0.10684164,1
78593,2012-04-09,0.30658552,0
78594,2012-04-09,0.34316623,0
78595,2012-04-09,0.040135425,1
78596,2012-04-09,0.5105157,1
78597,2012-04-09,0.10004387,0
78598,2012-04-09,0.40475854,0
78599,2012-04-09,0.44939238,0
78600,2012-04-09,0.26247323,0
78601,2012-04-09,0.3969988,1
78602,2012-04-09,0.6730764,1
78603,2012-04-09,0.428331,0
78604,2012-04-09,0.6235701,1
78605,2012-04-09,0.31999183,1
78606,2012-04-09,0.36402658,0
78607,2012-04-09,0.26691872,1
78608,2012-04-09,0.32048815,1
78609,2012-04-09,0.4226994,1
78610,2012-04-09,0.5034482,1
78611,2012-04-09,0.15873244,0
78612,2012-04-09,0.66262686,0
78613,2012-04-09,0.43679845,1
78614,2012-04-09,0.29400527,0
78615,2012-04-09,0.1536055,1
78616,2012-04-09,0.23723692,0
78617,2012-04-09,0.11694402,0
78618,2012-04-09,0.6755596,1
78619,2012-04-09,0.9196156,1
78620,2012-04-09,0.14775625,1
78621,2012-04-09,0.6068826,0
78622,2012-04-09,0.47447446,1
78623,2012-04-09,0.22522883,0
78624,2012-04-09,0.07267292,1
78625,2012-04-09,0.36121577,1
78626,2012-04-09,0.19656399,0
78627,2012-04-09,0.65229005,1
78628,2012-04-09,0.4245781,0
78629,2012-04-09,0.16758624,1
78630,2012-04-09,0.27156207,1
78631,2012-04-09,0.47125623,0
78632,2012-04-09,0.9338849,0
78633,2012-04-09,0.30157998,0
78634,2012-04-09,0.22893888,0
78635,2012-04-09,0.16919245,0
78636,2012-04-09,0.49611235,1
78637,2012-04-09,0.5214412,1
78638,2012-04-09,0.05563565,0
78639,2012-04-09,0.5617841,0
78640,2012-04-09,0.32620552,0
78641,2012-04-09,0.13925557,0
78642,2012-04-09,0.5703585,1
78643,2012-04-09,0.7619456,0
78644,2012-04-09,0.28245968,0
78645,2012-04-09,0.12061273,1
78646,2012-04-09,0.41290164,0
78647,2012-04-09,0.015299291,0
78648,2012-04-09,0.47479963,0
78649,2012-04-09,0.44494793,1
78650,2012-04-09,0.8513038,0
78651,2012-04-09,0.4902685,1
78652,2012-04-09,0.3144223,0
78653,2012-04-09,0.13346748,0
78654,2012-04-09,0.25225285,1
78655,2012-04-09,0.1764051,0
78656,2012-04-09,0.40425342,0
78657,2012-04-09,0.49616152,0
78658,2012-04-09,0.7124033,0
78659,2012-04-09,0.7226931,1
78660,2012-04-09,0.543011,0
78661,2012-04-09,0.08900265,0
78662,2012-04-09,0.54739654,0
78663,2012-04-09,0.10617187,0
78664,2012-04-09,0.44803134,0
78665,2012-04-09,0.45533058,0
78666,2012-04-09,0.2976711,1
78667,2012-04-09,0.07982855,0
78668,2012-04-09,0.583886,1
78669,2012-04-09,0.6069807,0
78670,2012-04-09,0.3837887,0
78671,2012-04-09,0.18570687,1
78672,2012-04-09,0.52582055,1
78673,2012-04-09,0.43656468,0
78674,2012-04-09,0.052584533,0
78675,2012-04-09,0.29407918,0
78676,2012-04-09,0.6101026,0
78677,2012-04-09,0.21691489,0
78678,2012-04-09,0.3199826,1
78679,2012-04-09,0.3002005,1
78680,2012-04-09,0.4026227,0
78681,2012-04-09,0.104278065,0
78682,2012-04-09,0.4774525,0
78683,2012-04-09,0.59040767,0
78684,2012-04-09,0.13614993,1
78685,2012-04-09,0.14482851,0
78686,2012-04-09,0.21467224,0
78687,2012-04-09,0.37150496,0
78688,2012-04-09,0.32762808,0
78689,2012-04-09,0.1874414,0
78690,2012-04-09,0.025284208,0
78691,2012-04-09,0.42498344,0
78692,2012-04-09,0.012193507,0
78693,2012-04-09,0.31504053,0
78694,2012-04-09,0.11015609,1
78695,2012-04-09,0.3005602,1
78696,2012-04-09,0.12671167,0
78697,2012-04-09,0.5303949,0
78698,2012-04-09,0.46417132,1
78699,2012-04-09,0.1889655,1
78700,2012-04-09,0.8288158,1
78701,2012-04-09,0.15520495,0
78702,2012-04-09,0.4382249,1
78703,2012-04-09,0.62155676,0
78704,2012-04-09,0.18786608,1
78705,2012-04-09,0.31977352,0
78706,2012-04-09,0.13594691,0
78707,2012-04-09,0.23546578,0
78708,2012-04-09,0.14410117,1
78709,2012-04-09,0.72038686,1
78710,2012-04-09,0.35943556,0
78711,2012-04-09,0.1468352,0
78712,2012-04-09,0.1510033,0
78713,2012-04-09,0.050631624,0
78714,2012-04-09,0.072886705,1
78715,2012-04-09,0.78982997,0
78716,2012-04-09,0.2730656,0
78717,2012-04-09,0.51787245,0
78718,2012-04-09,0.6778916,1
78719,2012-04-09,0.36077026,1
78720,2012-04-09,0.44942176,0
78721,2012-04-09,0.58799565,0
78722,2012-04-09,0.027794983,0
78723,2012-04-09,0.3359383,1
78724,2012-04-09,0.44601038,0
78725,2012-04-09,0.20797911,0
78726,2012-04-09,0.17316633,1
78727,2012-04-09,0.18340331,1
78728,2012-04-09,0.52395755,1
78729,2012-04-09,0.20324664,1
78730,2012-04-09,0.67759013,1
78731,2012-04-09,0.43473598,1
78732,2012-04-09,0.15330333,0
78733,2012-04-09,0.055106502,1
78734,2012-04-09,0.41370815,1
78735,2012-04-09,0.3901562,0
78736,2012-04-09,0.24975908,0
78737,2012-04-09,0.62013423,0
78738,2012-04-09,0.15453841,0
78739,2012-04-09,0.17168806,0
78740,2012-04-09,0.37976348,1
78741,2012-04-09,0.065104514,1
78742,2012-04-09,0.04073969,0
78743,2012-04-09,0.5239736,0
78744,2012-04-09,0.62537223,1
78745,2012-04-09,0.4561149,0
78746,2012-04-09,0.7475651,1
78747,2012-04-09,0.37328452,1
78748,2012-04-09,0.12781893,0
78749,2012-04-09,0.035243176,0
78750,2012-04-09,0.06632475,0
78751,2012-04-09,0.3999245,0
78752,2012-04-09,0.41579577,0
78753,2012-04-09,0.8566556,1
78754,2012-04-09,0.13209403,1
78755,2012-04-09,0.042558666,0
78756,2012-04-09,0.08395309,1
78757,2012-04-09,0.5803484,1
78758,2012-04-09,0.033505116,0
78759,2012-04-09,0.29803866,0
78760,2012-04-09,0.48341703,0
78761,2012-04-09,0.27366957,1
78762,2012-04-09,0.4536249,1
78763,2012-04-09,0.8262359,0
78764,2012-04-09,0.14882402,0
78765,2012-04-09,0.13513035,1
78766,2012-04-09,0.2747935,1
78767,2012-04-09,0.76494366,0
78768,2012-04-09,0.12131688,0
78769,2012-04-09,0.45800596,0
78770,2012-04-09,0.46426862,0
78771,2012-04-09,0.30652303,1
78772,2012-04-09,0.4782301,1
78773,2012-04-09,0.21448565,0
78774,2012-04-09,0.295619,1
78775,2012-04-09,0.3000529,0
78776,2012-04-09,0.27735317,1
78777,2012-04-09,0.50008225,0
78778,2012-04-09,0.40877342,1
78779,2012-04-09,0.70172095,0
78780,2012-04-09,0.18039109,0
78781,2012-04-09,0.012957141,0
78782,2012-04-09,0.4967386,1
78783,2012-04-10,0.04536628,0
78784,2012-04-10,0.18438576,0
78785,2012-04-10,0.22919932,0
78786,2012-04-10,0.65184176,1
78787,2012-04-10,0.16882098,0
78788,2012-04-10,0.26491094,0
78789,2012-04-10,0.607688,0
78790,2012-04-10,0.5791108,1
78791,2012-04-10,0.27928668,1
78792,2012-04-10,0.59197044,1
78793,2012-04-10,0.31946602,0
78794,2012-04-10,0.3357729,0
78795,2012-04-10,0.14953957,0
78796,2012-04-10,0.7745517,0
78797,2012-04-10,0.50713813,0
78798,2012-04-10,0.026211007,0
78799,2012-04-10,0.31533056,0
78800,2012-04-10,0.10135499,0
78801,2012-04-10,0.31850854,0
78802,2012-04-10,0.3869759,1
78803,2012-04-10,0.037211794,0
78804,2012-04-10,0.67341,1
78805,2012-04-10,0.13574478,1
78806,2012-04-10,0.64095926,0
78807,2012-04-10,0.10626524,0
78808,2012-04-10,0.830975,1
78809,2012-04-10,0.17181806,0
78810,2012-04-10,0.40126267,0
78811,2012-04-10,0.5235891,0
78812,2012-04-10,0.38653702,1
78813,2012-04-10,0.6976463,0
78814,2012-04-10,0.7103756,1
78815,2012-04-10,0.3167221,0
78816,2012-04-10,0.23425254,1
78817,2012-04-10,0.13266465,0
78818,2012-04-10,0.7618816,0
78819,2012-04-10,0.4212781,1
78820,2012-04-10,0.10097375,0
78821,2012-04-10,0.44545487,0
78822,2012-04-10,0.059126556,0
78823,2012-04-10,0.36653212,1
78824,2012-04-10,0.29754475,0
78825,2012-04-10,0.09205811,0
78826,2012-04-10,0.2591642,0
78827,2012-04-10,0.12744619,0
78828,2012-04-10,0.01863037,0
78829,2012-04-10,0.7253163,0
78830,2012-04-10,0.053314537,0
78831,2012-04-10,0.29372048,1
78832,2012-04-10,0.14601226,0
78833,2012-04-10,0.3155192,1
78834,2012-04-10,0.052167997,0
78835,2012-04-10,0.49083093,0
78836,2012-04-10,0.5286422,0
78837,2012-04-10,0.5346237,1
78838,2012-04-10,0.12387497,0
78839,2012-04-10,0.4746303,0
78840,2012-04-10,0.23146836,1
78841,2012-04-10,0.69234693,0
78842,2012-04-10,0.48849726,0
78843,2012-04-10,0.13988037,0
78844,2012-04-10,0.07495388,0
78845,2012-04-10,0.2525409,1
78846,2012-04-10,0.18432577,1
78847,2012-04-10,0.49596792,0
78848,2012-04-10,0.6428932,0
78849,2012-04-10,0.051431477,0
78850,2012-04-10,0.82711333,1
78851,2012-04-10,0.53174233,0
78852,2012-04-10,0.31767792,0
78853,2012-04-10,0.30291018,0
78854,2012-04-10,0.37718177,1
78855,2012-04-10,0.56520474,1
78856,2012-04-10,0.7542959,0
78857,2012-04-10,0.19485438,1
78858,2012-04-10,0.3634265,0
78859,2012-04-10,0.49742967,0
78860,2012-04-10,0.09900349,1
78861,2012-04-10,0.6057241,1
78862,2012-04-10,0.23019299,1
78863,2012-04-10,0.3579933,0
78864,2012-04-10,0.28930104,1
78865,2012-04-10,0.3168737,0
78866,2012-04-10,0.17613654,0
78867,2012-04-10,0.25406158,0
78868,2012-04-10,0.7330966,0
78869,2012-04-10,0.1125699,0
78870,2012-04-10,0.5822263,0
78871,2012-04-10,0.03888175,1
78872,2012-04-10,0.36030963,1
78873,2012-04-10,0.08604415,0
78874,2012-04-10,0.04369712,0
78875,2012-04-10,0.20096603,0
78876,2012-04-10,0.18023343,0
78877,2012-04-10,0.3182651,0
78878,2012-04-10,0.49008882,0
78879,2012-04-10,0.44631556,1
78880,2012-04-10,0.17842756,0
78881,2012-04-10,0.8341613,1
78882,2012-04-10,0.36330158,1
78883,2012-04-10,0.046969797,0
78884,2012-04-10,0.095294796,0
78885,2012-04-10,0.09823561,1
78886,2012-04-10,0.23017454,1
78887,2012-04-10,0.35769576,0
78888,2012-04-10,0.53306276,1
78889,2012-04-10,0.73367023,1
78890,2012-04-10,0.074510366,0
78891,2012-04-10,0.8396245,1
78892,2012-04-10,0.11650503,0
78893,2012-04-10,0.60851157,1
78894,2012-04-10,0.70101845,1
78895,2012-04-10,0.09055706,0
78896,2012-04-10,0.1565292,1
78897,2012-04-10,0.25261444,0
78898,2012-04-10,0.21333411,0
78899,2012-04-10,0.09330163,0
78900,2012-04-10,0.35369432,0
78901,2012-04-10,0.42927575,0
78902,2012-04-10,0.05009154,0
78903,2012-04-10,0.2976799,0
78904,2012-04-10,0.41953096,0
78905,2012-04-10,0.056369677,1
78906,2012-04-10,0.34296083,0
78907,2012-04-10,0.7083458,1
78908,2012-04-10,0.24862844,0
78909,2012-04-10,0.44111016,1
78910,2012-04-10,0.13634545,1
78911,2012-04-10,0.10674127,1
78912,2012-04-10,0.28443056,1
78913,2012-04-10,0.9204278,0
78914,2012-04-10,0.6642695,1
78915,2012-04-10,0.28659573,1
78916,2012-04-10,0.15157792,0
78917,2012-04-10,0.41106096,0
78918,2012-04-10,0.35258526,0
78919,2012-04-10,0.27713048,0
78920,2012-04-10,0.19006594,0
78921,2012-04-10,0.62895256,0
78922,2012-04-10,0.60274637,1
78923,2012-04-10,0.07670178,1
78924,2012-04-10,0.18456739,0
78925,2012-04-10,0.75536734,0
78926,2012-04-10,0.19140163,1
78927,2012-04-10,0.02711211,0
78928,2012-04-10,0.21772017,0
78929,2012-04-10,0.2698228,0
78930,2012-04-10,0.4236841,0
78931,2012-04-10,0.40523213,0
78932,2012-04-10,0.5662161,1
78933,2012-04-10,0.5453068,0
78934,2012-04-10,0.25971088,0
78935,2012-04-10,0.50647104,0
78936,2012-04-10,0.215949,0
78937,2012-04-10,0.0861594,0
78938,2012-04-10,0.73324287,0
78939,2012-04-10,0.36141336,1
78940,2012-04-10,0.7043176,1
78941,2012-04-11,0.26558268,1
78942,2012-04-11,0.13061237,1
78943,2012-04-11,0.21201737,0
78944,2012-04-11,0.29735926,0
78945,2012-04-11,0.3556243,1
78946,2012-04-11,0.76433015,0
78947,2012-04-11,0.28409243,0
78948,2012-04-11,0.62599695,0
78949,2012-04-11,0.38722888,1
78950,2012-04-11,0.78528136,0
78951,2012-04-11,0.3617356,0
78952,2012-04-11,0.48027268,0
78953,2012-04-11,0.29526857,1
78954,2012-04-11,0.87306494,1
78955,2012-04-11,0.091738105,0
78956,2012-04-11,0.29758376,0
78957,2012-04-11,0.72320265,1
78958,2012-04-11,0.6989766,1
78959,2012-04-11,0.6730391,1
78960,2012-04-11,0.07187102,1
78961,2012-04-11,0.10939027,0
78962,2012-04-11,0.18078013,0
78963,2012-04-11,0.7261008,0
78964,2012-04-11,0.25298423,0
78965,2012-04-11,0.2706147,0
78966,2012-04-11,0.6632344,0
78967,2012-04-11,0.09981079,0
78968,2012-04-11,0.27460665,0
78969,2012-04-11,0.17281379,0
78970,2012-04-11,0.2188951,1
78971,2012-04-11,0.6317453,1
78972,2012-04-11,0.2400472,1
78973,2012-04-11,0.89918005,0
78974,2012-04-11,0.021543127,0
78975,2012-04-11,0.5574326,0
78976,2012-04-11,0.09684311,0
78977,2012-04-11,0.44972783,1
78978,2012-04-11,0.28774258,1
78979,2012-04-11,0.21207082,1
78980,2012-04-11,0.39924356,0
78981,2012-04-11,0.70616966,1
78982,2012-04-11,0.38139904,0
78983,2012-04-11,0.23011003,0
78984,2012-04-11,0.68622285,1
78985,2012-04-11,0.3274876,1
78986,2012-04-11,0.4656144,1
78987,2012-04-11,0.15329973,0
78988,2012-04-11,0.3628521,0
78989,2012-04-11,0.25365207,1
78990,2012-04-11,0.2528497,0
78991,2012-04-11,0.06419563,0
78992,2012-04-11,0.23572493,1
78993,2012-04-11,0.124269255,0
78994,2012-04-11,0.09592115,1
78995,2012-04-11,0.061449155,0
78996,2012-04-11,0.91972446,0
78997,2012-04-11,0.35820127,0
78998,2012-04-11,0.21326955,1
78999,2012-04-11,0.23038952,0
79000,2012-04-11,0.396041,0
79001,2012-04-11,0.36396873,0
79002,2012-04-11,0.5924016,0
79003,2012-04-11,0.078159295,0
79004,2012-04-11,0.4077078,0
79005,2012-04-11,0.30884638,1
79006,2012-04-11,0.14140569,0
79007,2012-04-11,0.42376825,1
79008,2012-04-11,0.74128765,1
79009,2012-04-11,0.57827353,1
79010,2012-04-11,0.19043511,0
79011,2012-04-11,0.7616472,0
79012,2012-04-11,0.47884026,0
79013,2012-04-11,0.38008374,0
79014,2012-04-11,0.047109846,0
79015,2012-04-11,0.3247165,0
79016,2012-04-11,0.64434475,0
79017,2012-04-11,0.4527494,0
79018,2012-04-11,0.5410114,1
79019,2012-04-11,0.07154492,1
79020,2012-04-11,0.2599846,1
79021,2012-04-11,0.3120705,1
79022,2012-04-11,0.08320496,0
79023,2012-04-11,0.22123091,1
79024,2012-04-11,0.6296997,0
79025,2012-04-11,0.815239,1
79026,2012-04-11,0.09256817,0
79027,2012-04-11,0.54073256,0
79028,2012-04-11,0.34041354,1
79029,2012-04-11,0.07173011,0
79030,2012-04-11,0.6023184,0
79031,2012-04-11,0.4068271,1
79032,2012-04-11,0.22829573,1
79033,2012-04-11,0.11152965,0
79034,2012-04-11,0.6674432,1
79035,2012-04-11,0.4008223,1
79036,2012-04-11,0.032430362,1
79037,2012-04-11,0.07363912,0
79038,2012-04-11,0.29837587,1
79039,2012-04-11,0.09851342,1
79040,2012-04-11,0.3194622,1
79041,2012-04-11,0.4898059,0
79042,2012-04-11,0.26935655,0
79043,2012-04-11,0.59601796,0
79044,2012-04-11,0.25608066,0
79045,2012-04-11,0.5947515,0
79046,2012-04-11,0.21204647,1
79047,2012-04-11,0.20265314,0
79048,2012-04-11,0.54366225,0
79049,2012-04-11,0.1111673,0
79050,2012-04-11,0.5549536,1
79051,2012-04-11,0.23000263,0
79052,2012-04-11,0.20148282,0
79053,2012-04-11,0.12066491,1
79054,2012-04-11,0.39408275,0
79055,2012-04-11,0.57816476,1
79056,2012-04-11,0.21252213,0
79057,2012-04-11,0.38365602,0
79058,2012-04-11,0.13404764,0
79059,2012-04-11,0.15085156,0
79060,2012-04-11,0.62638605,0
79061,2012-04-11,0.03652208,0
79062,2012-04-11,0.358116,0
79063,2012-04-11,0.87744695,1
79064,2012-04-11,0.6002941,1
79065,2012-04-11,0.63297427,1
79066,2012-04-11,0.2750493,1
79067,2012-04-11,0.46988097,0
79068,2012-04-11,0.16319947,0
79069,2012-04-11,0.29883197,0
79070,2012-04-11,0.10068334,0
79071,2012-04-11,0.81977195,0
79072,2012-04-11,0.54173774,1
79073,2012-04-11,0.1880219,0
79074,2012-04-11,0.2315183,0
79075,2012-04-11,0.08295761,0
79076,2012-04-11,0.29691353,1
79077,2012-04-11,0.081379235,0
79078,2012-04-11,0.43660864,1
79079,2012-04-11,0.82032937,1
79080,2012-04-11,0.88742334,1
79081,2012-04-11,0.3241591,1
79082,2012-04-11,0.41940334,1
79083,2012-04-11,0.131895,1
79084,2012-04-11,0.28331694,1
79085,2012-04-11,0.80320114,1
79086,2012-04-11,0.6644831,1
79087,2012-04-11,0.2877523,0
79088,2012-04-11,0.3057554,1
79089,2012-04-11,0.4649536,1
79090,2012-04-11,0.26439482,0
79091,2012-04-11,0.1626792,1
79092,2012-04-11,0.32930395,1
79093,2012-04-11,0.46541467,0
79094,2012-04-11,0.6535092,0
79095,2012-04-11,0.05576332,0
79096,2012-04-11,0.28867298,1
79097,2012-04-11,0.24968746,0
79098,2012-04-11,0.06166636,1
79099,2012-04-11,0.55427235,1
79100,2012-04-11,0.2703448,0
79101,2012-04-11,0.4041513,0
79102,2012-04-11,0.54504174,1
79103,2012-04-11,0.58471966,0
79104,2012-04-11,0.11396501,0
79105,2012-04-11,0.64008725,0
79106,2012-04-11,0.16270083,1
79107,2012-04-12,0.5147328,0
79108,2012-04-12,0.11882889,0
79109,2012-04-12,0.07877633,1
79110,2012-04-12,0.10308734,1
79111,2012-04-12,0.38440412,0
79112,2012-04-12,0.077604376,0
79113,2012-04-12,0.12120545,0
79114,2012-04-12,0.15109405,1
79115,2012-04-12,0.5429628,1
79116,2012-04-12,0.105909996,0
79117,2012-04-12,0.37762198,1
79118,2012-04-12,0.2425276,0
79119,2012-04-12,0.025227861,1
79120,2012-04-12,0.10339122,0
79121,2012-04-12,0.26504844,0
79122,2012-04-12,0.35040882,0
79123,2012-04-12,0.7450904,0
79124,2012-04-12,0.6637551,1
79125,2012-04-12,0.16210194,0
79126,2012-04-12,0.21119033,0
79127,2012-04-12,0.11980685,0
79128,2012-04-12,0.66396815,1
79129,2012-04-12,0.19777426,0
79130,2012-04-12,0.07718297,1
79131,2012-04-12,0.5793346,0
79132,2012-04-12,0.07266588,0
79133,2012-04-12,0.05950253,0
79134,2012-04-12,0.08103008,0
79135,2012-04-12,0.15932424,1
79136,2012-04-12,0.10717094,1
79137,2012-04-12,0.43833107,0
79138,2012-04-12,0.9433772,1
79139,2012-04-12,0.3399889,1
79140,2012-04-12,0.10545676,0
79141,2012-04-12,0.58999646,0
79142,2012-04-12,0.78788984,0
79143,2012-04-12,0.38592765,0
79144,2012-04-12,0.24772112,1
79145,2012-04-12,0.37090963,0
79146,2012-04-12,0.5997908,1
79147,2012-04-12,0.53809303,0
79148,2012-04-12,0.25749516,0
79149,2012-04-12,0.26478562,1
79150,2012-04-12,0.15383285,1
79151,2012-04-12,0.037484698,0
79152,2012-04-12,0.088756554,0
79153,2012-04-12,0.25083098,0
79154,2012-04-12,0.36700585,0
79155,2012-04-12,0.039908994,1
79156,2012-04-12,0.6674929,1
79157,2012-04-12,0.5074105,1
79158,2012-04-12,0.25806296,1
79159,2012-04-12,0.36602327,1
79160,2012-04-12,0.33776742,1
79161,2012-04-12,0.10043206,1
79162,2012-04-12,0.44598112,1
79163,2012-04-12,0.36011067,0
79164,2012-04-12,0.33127782,0
79165,2012-04-12,0.3252671,0
79166,2012-04-12,0.38183883,0
79167,2012-04-12,0.15898058,0
79168,2012-04-12,0.3449325,0
79169,2012-04-12,0.08293935,1
79170,2012-04-12,0.20218705,0
79171,2012-04-12,0.24027148,0
79172,2012-04-12,0.1400932,1
79173,2012-04-12,0.48014212,0
79174,2012-04-12,0.11794756,1
79175,2012-04-12,0.19137552,0
79176,2012-04-12,0.10902486,1
79177,2012-04-12,0.1682335,0
79178,2012-04-12,0.18586454,1
79179,2012-04-12,0.09184071,0
79180,2012-04-12,0.14174263,0
79181,2012-04-12,0.27113968,0
79182,2012-04-12,0.3844951,1
79183,2012-04-12,0.14268444,0
79184,2012-04-12,0.6095895,0
79185,2012-04-12,0.20384309,1
79186,2012-04-12,0.4661543,0
79187,2012-04-12,0.58651143,1
79188,2012-04-12,0.41519457,1
79189,2012-04-12,0.13073047,0
79190,2012-04-12,0.17228535,0
79191,2012-04-12,0.347368,0
79192,2012-04-12,0.13096012,0
79193,2012-04-12,0.08530286,0
79194,2012-04-12,0.2670543,0
79195,2012-04-12,0.41585475,0
79196,2012-04-12,0.21198711,1
79197,2012-04-12,0.14733407,0
79198,2012-04-12,0.7428324,0
79199,2012-04-12,0.22671205,1
79200,2012-04-12,0.19384901,0
79201,2012-04-12,0.9266177,1
79202,2012-04-12,0.8010137,1
79203,2012-04-12,0.18139978,1
79204,2012-04-12,0.2726392,1
79205,2012-04-12,0.27948895,0
79206,2012-04-12,0.19021802,0
79207,2012-04-12,0.4136738,0
79208,2012-04-12,0.12863246,0
79209,2012-04-12,0.17445186,0
79210,2012-04-12,0.47386888,1
79211,2012-04-12,0.24657115,0
79212,2012-04-12,0.06499999,0
79213,2012-04-12,0.74184614,0
79214,2012-04-12,0.039092276,1
79215,2012-04-12,0.8688946,1
79216,2012-04-12,0.19375668,0
79217,2012-04-12,0.24817275,0
79218,2012-04-12,0.4633626,1
79219,2012-04-12,0.5716828,1
79220,2012-04-12,0.3816267,0
79221,2012-04-12,0.52836037,0
79222,2012-04-12,0.6331908,0
79223,2012-04-12,0.52820796,1
79224,2012-04-12,0.42198828,0
79225,2012-04-12,0.5756077,0
79226,2012-04-12,0.51355475,0
79227,2012-04-12,0.32738775,0
79228,2012-04-12,0.044920597,0
79229,2012-04-12,0.72222805,0
79230,2012-04-12,0.42082074,0
79231,2012-04-12,0.51638204,1
79232,2012-04-12,0.22887936,0
79233,2012-04-12,0.57291317,0
79234,2012-04-12,0.6020879,1
79235,2012-04-12,0.42921075,0
79236,2012-04-12,0.06415178,1
79237,2012-04-12,0.4870752,0
79238,2012-04-12,0.343333,0
79239,2012-04-12,0.12008492,0
79240,2012-04-12,0.3002555,1
79241,2012-04-12,0.175357,0
79242,2012-04-12,0.19904065,0
79243,2012-04-12,0.41653192,1
79244,2012-04-12,0.45685464,1
79245,2012-04-12,0.35322827,0
79246,2012-04-12,0.5983389,0
79247,2012-04-12,0.2555463,0
79248,2012-04-12,0.29879037,0
79249,2012-04-12,0.5294363,1
79250,2012-04-12,0.26453853,1
79251,2012-04-12,0.7722529,1
79252,2012-04-12,0.30941328,0
79253,2012-04-12,0.3194778,0
79254,2012-04-12,0.20279196,1
79255,2012-04-12,0.32245043,0
79256,2012-04-12,0.11273177,0
79257,2012-04-12,0.12769331,0
79258,2012-04-13,0.34152532,1
79259,2012-04-13,0.17700721,0
79260,2012-04-13,0.40000612,0
79261,2012-04-13,0.35393155,0
79262,2012-04-13,0.1622296,0
79263,2012-04-13,0.6609967,1
79264,2012-04-13,0.10954039,1
79265,2012-04-13,0.49152306,1
79266,2012-04-13,0.31478706,0
79267,2012-04-13,0.32229325,0
79268,2012-04-13,0.052095074,0
79269,2012-04-13,0.06466062,0
79270,2012-04-13,0.1681062,1
79271,2012-04-13,0.37283882,0
79272,2012-04-13,0.3802981,1
79273,2012-04-13,0.4519561,0
79274,2012-04-13,0.22493507,1
79275,2012-04-13,0.038183853,1
79276,2012-04-13,0.38487795,0
79277,2012-04-13,0.13242438,1
79278,2012-04-13,0.54406816,0
79279,2012-04-13,0.21985242,1
79280,2012-04-13,0.27002618,0
79281,2012-04-13,0.011107416,0
79282,2012-04-13,0.19840863,0
79283,2012-04-13,0.03963068,0
79284,2012-04-13,0.44340688,1
79285,2012-04-13,0.34510672,1
79286,2012-04-13,0.34613308,1
79287,2012-04-13,0.2611417,0
79288,2012-04-13,0.25391552,0
79289,2012-04-13,0.07199776,0
79290,2012-04-13,0.35116315,1
79291,2012-04-13,0.034563463,0
79292,2012-04-13,0.6651685,0
79293,2012-04-13,0.14005914,0
79294,2012-04-13,0.52654135,0
79295,2012-04-13,0.03584991,0
79296,2012-04-13,0.032943007,0
79297,2012-04-13,0.2992191,0
79298,2012-04-13,0.43942016,1
79299,2012-04-13,0.16204903,0
79300,2012-04-13,0.73483795,0
79301,2012-04-13,0.56608886,1
79302,2012-04-13,0.23434778,0
79303,2012-04-13,0.3254169,1
79304,2012-04-13,0.5873765,0
79305,2012-04-13,0.109400064,0
79306,2012-04-13,0.09006878,0
79307,2012-04-13,0.58937395,0
79308,2012-04-13,0.08546835,0
79309,2012-04-13,0.67889065,0
79310,2012-04-13,0.14886555,1
79311,2012-04-13,0.6914065,1
79312,2012-04-13,0.53108937,1
79313,2012-04-13,0.18539634,0
79314,2012-04-13,0.1074766,0
79315,2012-04-13,0.12537313,1
79316,2012-04-13,0.78046876,1
79317,2012-04-13,0.27236682,1
79318,2012-04-13,0.6178353,0
79319,2012-04-13,0.13753666,1
79320,2012-04-13,0.07631676,1
79321,2012-04-13,0.27711105,0
79322,2012-04-13,0.3461968,0
79323,2012-04-13,0.27430603,1
79324,2012-04-13,0.3455974,0
79325,2012-04-13,0.46835002,1
79326,2012-04-13,0.20145375,0
79327,2012-04-13,0.28817093,1
79328,2012-04-13,0.54269487,0
79329,2012-04-13,0.557087,0
79330,2012-04-13,0.032733697,0
79331,2012-04-13,0.5242139,1
79332,2012-04-13,0.55355215,0
79333,2012-04-13,0.427453,1
79334,2012-04-13,0.37385666,1
79335,2012-04-13,0.1906575,1
79336,2012-04-13,0.13852231,0
79337,2012-04-13,0.6703159,1
79338,2012-04-13,0.88499236,1
79339,2012-04-13,0.16325387,0
79340,2012-04-13,0.22242987,1
79341,2012-04-13,0.65799063,1
79342,2012-04-13,0.69237185,1
79343,2012-04-13,0.024649873,0
79344,2012-04-13,0.38703135,0
79345,2012-04-13,0.22711623,1
79346,2012-04-13,0.029872306,1
79347,2012-04-13,0.45152992,1
79348,2012-04-13,0.52725106,0
79349,2012-04-13,0.23975208,1
79350,2012-04-13,0.15518367,0
79351,2012-04-13,0.22074415,0
79352,2012-04-13,0.3185404,0
79353,2012-04-13,0.084700726,0
79354,2012-04-13,0.327939,0
79355,2012-04-13,0.5460108,0
79356,2012-04-13,0.21180065,0
79357,2012-04-13,0.058140274,0
79358,2012-04-13,0.24857014,0
79359,2012-04-13,0.22580464,1
79360,2012-04-13,0.32008183,0
79361,2012-04-13,0.06410521,0
79362,2012-04-13,0.42326194,0
79363,2012-04-13,0.61821365,0
79364,2012-04-13,0.22662711,1
79365,2012-04-13,0.10537218,0
79366,2012-04-13,0.7385071,1
79367,2012-04-13,0.45761088,0
79368,2012-04-13,0.17289902,0
79369,2012-04-13,0.76513284,1
79370,2012-04-13,0.14066008,1
79371,2012-04-13,0.19841307,0
79372,2012-04-13,0.1873038,0
79373,2012-04-13,0.18696745,0
79374,2012-04-13,0.4421937,0
79375,2012-04-13,0.17348444,1
79376,2012-04-13,0.4799179,0
79377,2012-04-13,0.63932,1
79378,2012-04-13,0.19899808,1
79379,2012-04-13,0.28308648,0
79380,2012-04-13,0.10177364,0
79381,2012-04-13,0.35641325,0
79382,2012-04-13,0.035480734,0
79383,2012-04-13,0.31515345,0
79384,2012-04-13,0.38182124,0
79385,2012-04-13,0.5174494,0
79386,2012-04-13,0.6049489,0
79387,2012-04-13,0.1642228,1
79388,2012-04-13,0.5598121,0
79389,2012-04-13,0.7994013,0
79390,2012-04-13,0.03426477,0
79391,2012-04-13,0.11552352,1
79392,2012-04-13,0.1614355,1
79393,2012-04-13,0.05476587,0
79394,2012-04-13,0.25318155,0
79395,2012-04-13,0.5715859,1
79396,2012-04-13,0.12219962,1
79397,2012-04-13,0.17588457,0
79398,2012-04-13,0.6360504,1
79399,2012-04-13,0.22829992,1
79400,2012-04-13,0.2647334,1
79401,2012-04-13,0.19873443,1
79402,2012-04-13,0.1305994,1
79403,2012-04-13,0.1275974,0
79404,2012-04-13,0.3228395,0
79405,2012-04-13,0.73101836,1
79406,2012-04-13,0.3220169,0
79407,2012-04-13,0.23689732,0
79408,2012-04-13,0.115343034,0
79409,2012-04-13,0.3375904,0
79410,2012-04-13,0.0434476,0
79411,2012-04-13,0.50549203,1
79412,2012-04-13,0.32144356,0
79413,2012-04-13,0.1488864,0
79414,2012-04-13,0.5037445,1
79415,2012-04-13,0.6123746,1
79416,2012-04-13,0.02894252,0
79417,2012-04-13,0.11411593,0
79418,2012-04-13,0.5842601,0
79419,2012-04-13,0.33736452,1
79420,2012-04-13,0.3008707,1
79421,2012-04-13,0.11157781,1
79422,2012-04-13,0.084186725,0
79423,2012-04-13,0.45417702,1
79424,2012-04-13,0.033553645,0
79425,2012-04-13,0.50412935,0
79426,2012-04-13,0.39135414,0
79427,2012-04-13,0.13098183,1
79428,2012-04-13,0.06482752,0
79429,2012-04-13,0.5712865,0
79430,2012-04-13,0.025318881,0
79431,2012-04-13,0.160574,0
79432,2012-04-13,0.10544945,0
79433,2012-04-13,0.21012637,0
79434,2012-04-13,0.7905461,1
79435,2012-04-13,0.11373663,1
79436,2012-04-13,0.5973105,1
79437,2012-04-13,0.22639196,0
79438,2012-04-13,0.11160438,1
79439,2012-04-13,0.526121,1
79440,2012-04-13,0.14661528,0
79441,2012-04-13,0.67503214,1
79442,2012-04-13,0.13190731,1
79443,2012-04-13,0.095557354,0
79444,2012-04-13,0.09538345,0
79445,2012-04-13,0.26600298,0
79446,2012-04-13,0.2835628,0
79447,2012-04-13,0.47931683,1
79448,2012-04-13,0.7566143,0
79449,2012-04-13,0.56651586,0
79450,2012-04-13,0.071475275,0
79451,2012-04-13,0.023684287,1
79452,2012-04-13,0.52064836,1
79453,2012-04-13,0.21452178,1
79454,2012-04-13,0.8179406,1
79455,2012-04-13,0.2742215,0
79456,2012-04-13,0.25325608,1
79457,2012-04-13,0.37672722,0
79458,2012-04-13,0.44490248,0
79459,2012-04-13,0.042473268,0
79460,2012-04-13,0.91298664,1
79461,2012-04-13,0.15052223,1
79462,2012-04-13,0.27104685,0
79463,2012-04-13,0.1225451,0
79464,2012-04-13,0.111491926,0
79465,2012-04-13,0.1322445,1
79466,2012-04-13,0.073640935,0
79467,2012-04-13,0.61311615,0
79468,2012-04-13,0.14698192,0
79469,2012-04-13,0.6006151,0
79470,2012-04-13,0.120607786,0
79471,2012-04-13,0.13986687,1
79472,2012-04-13,0.118117735,0
79473,2012-04-13,0.53469193,0
79474,2012-04-13,0.25029564,1
79475,2012-04-13,0.23691943,0
79476,2012-04-13,0.12191868,0
79477,2012-04-13,0.097761504,0
79478,2012-04-13,0.6136971,1
79479,2012-04-13,0.5958646,1
79480,2012-04-13,0.038377922,0
79481,2012-04-13,0.20341516,1
79482,2012-04-14,0.036670215,1
79483,2012-04-14,0.22736253,1
79484,2012-04-14,0.36841884,0
79485,2012-04-14,0.1516113,1
79486,2012-04-14,0.16270961,0
79487,2012-04-14,0.56786156,0
79488,2012-04-14,0.6123455,1
79489,2012-04-14,0.25915554,1
79490,2012-04-14,0.6444706,1
79491,2012-04-14,0.15005943,0
79492,2012-04-14,0.20099576,1
79493,2012-04-14,0.27551174,0
79494,2012-04-14,0.30652177,0
79495,2012-04-14,0.4508233,0
79496,2012-04-14,0.091090195,0
79497,2012-04-14,0.7099565,0
79498,2012-04-14,0.13923027,0
79499,2012-04-14,0.08922372,0
79500,2012-04-14,0.121665716,0
79501,2012-04-14,0.458879,0
79502,2012-04-14,0.4530126,0
79503,2012-04-14,0.48619342,0
79504,2012-04-14,0.028588891,0
79505,2012-04-14,0.2949891,1
79506,2012-04-14,0.44000033,0
79507,2012-04-14,0.019820048,0
79508,2012-04-14,0.2748921,1
79509,2012-04-14,0.34814367,0
79510,2012-04-14,0.19443595,1
79511,2012-04-14,0.7924196,1
79512,2012-04-14,0.4472949,0
79513,2012-04-14,0.29517165,0
79514,2012-04-14,0.019453436,0
79515,2012-04-14,0.4596138,1
79516,2012-04-14,0.30065623,0
79517,2012-04-14,0.594143,0
79518,2012-04-14,0.05145271,0
79519,2012-04-14,0.16898602,0
79520,2012-04-14,0.22112149,0
79521,2012-04-14,0.14716542,1
79522,2012-04-14,0.02980786,0
79523,2012-04-14,0.3587969,1
79524,2012-04-14,0.5631173,0
79525,2012-04-14,0.056838103,1
79526,2012-04-14,0.21645659,0
79527,2012-04-14,0.22154443,0
79528,2012-04-14,0.22141632,0
79529,2012-04-14,0.24979144,1
79530,2012-04-14,0.37999883,1
79531,2012-04-14,0.14783604,0
79532,2012-04-14,0.40555513,0
79533,2012-04-14,0.62283295,1
79534,2012-04-14,0.78464717,0
79535,2012-04-14,0.5654964,1
79536,2012-04-14,0.45268255,1
79537,2012-04-14,0.3146521,0
79538,2012-04-14,0.60671246,0
79539,2012-04-14,0.6253755,1
79540,2012-04-14,0.594493,1
79541,2012-04-14,0.3954429,1
79542,2012-04-14,0.34022295,1
79543,2012-04-14,0.2450402,1
79544,2012-04-14,0.18892637,0
79545,2012-04-14,0.49557212,1
79546,2012-04-15,0.15620989,1
79547,2012-04-15,0.7883885,0
79548,2012-04-15,0.16070962,1
79549,2012-04-15,0.102136254,1
79550,2012-04-15,0.14459747,0
79551,2012-04-15,0.346541,1
79552,2012-04-15,0.049223453,0
79553,2012-04-15,0.15269762,1
79554,2012-04-15,0.32664552,0
79555,2012-04-15,0.3901406,0
79556,2012-04-15,0.046663582,0
79557,2012-04-15,0.04716881,0
79558,2012-04-15,0.25534973,0
79559,2012-04-15,0.6438761,1
79560,2012-04-15,0.1888925,0
79561,2012-04-15,0.6327975,1
79562,2012-04-15,0.2827038,0
79563,2012-04-15,0.7904281,1
79564,2012-04-15,0.20214008,1
79565,2012-04-15,0.3352197,1
79566,2012-04-15,0.55351144,1
79567,2012-04-15,0.4351488,1
79568,2012-04-15,0.61007303,0
79569,2012-04-15,0.717233,1
79570,2012-04-15,0.3449927,0
79571,2012-04-15,0.6120873,1
79572,2012-04-15,0.15772234,0
79573,2012-04-15,0.6124008,0
79574,2012-04-15,0.60741115,1
79575,2012-04-15,0.12991343,1
79576,2012-04-15,0.21425305,0
79577,2012-04-15,0.061221942,1
79578,2012-04-15,0.098579526,0
79579,2012-04-15,0.12490143,0
79580,2012-04-15,0.49749634,0
79581,2012-04-15,0.20399767,0
79582,2012-04-15,0.3164393,1
79583,2012-04-15,0.6495548,0
79584,2012-04-15,0.20241722,1
79585,2012-04-15,0.3708367,0
79586,2012-04-15,0.84895486,1
79587,2012-04-15,0.6228406,0
79588,2012-04-15,0.37773633,1
79589,2012-04-15,0.26101258,1
79590,2012-04-15,0.2882634,1
79591,2012-04-15,0.33046713,1
79592,2012-04-15,0.12480011,1
79593,2012-04-15,0.7167476,1
79594,2012-04-15,0.07610401,0
79595,2012-04-15,0.44180155,0
79596,2012-04-15,0.028365888,0
79597,2012-04-15,0.5941666,0
79598,2012-04-15,0.75409317,1
79599,2012-04-15,0.7876379,0
79600,2012-04-15,0.22705744,1
79601,2012-04-15,0.15042509,0
79602,2012-04-15,0.09566048,1
79603,2012-04-15,0.34327564,0
79604,2012-04-15,0.086934656,1
79605,2012-04-15,0.21354602,1
79606,2012-04-15,0.085783966,0
79607,2012-04-15,0.048502836,0
79608,2012-04-15,0.1536711,0
79609,2012-04-15,0.33061096,1
79610,2012-04-15,0.20488171,1
79611,2012-04-15,0.14319068,1
79612,2012-04-15,0.11430203,0
79613,2012-04-15,0.392533,1
79614,2012-04-15,0.19356807,0
79615,2012-04-15,0.32431632,1
79616,2012-04-15,0.7445486,1
79617,2012-04-15,0.18396826,0
79618,2012-04-15,0.123509206,1
79619,2012-04-15,0.0779853,0
79620,2012-04-15,0.39905038,0
79621,2012-04-15,0.5428169,1
79622,2012-04-15,0.63333905,1
79623,2012-04-15,0.6645783,1
79624,2012-04-15,0.20293449,1
79625,2012-04-15,0.2263595,1
79626,2012-04-15,0.22030856,1
79627,2012-04-15,0.7268637,1
79628,2012-04-15,0.48851264,0
79629,2012-04-15,0.38564944,0
79630,2012-04-15,0.08545163,0
79631,2012-04-15,0.58756566,1
79632,2012-04-15,0.046663582,0
79633,2012-04-15,0.17280093,0
79634,2012-04-15,0.3109609,1
79635,2012-04-15,0.64928603,0
79636,2012-04-15,0.16406271,1
79637,2012-04-15,0.3477126,1
79638,2012-04-15,0.37392834,0
79639,2012-04-15,0.06456057,0
79640,2012-04-15,0.64005774,0
79641,2012-04-15,0.4496976,0
79642,2012-04-15,0.112837195,0
79643,2012-04-15,0.1402672,1
79644,2012-04-15,0.50884306,0
79645,2012-04-15,0.24058789,1
79646,2012-04-15,0.11795212,0
79647,2012-04-15,0.2225136,1
79648,2012-04-15,0.3949088,1
79649,2012-04-15,0.6891194,1
79650,2012-04-15,0.37026903,0
79651,2012-04-15,0.13217169,1
79652,2012-04-15,0.78194463,1
79653,2012-04-15,0.44610223,0
79654,2012-04-15,0.10496936,1
79655,2012-04-15,0.49931443,1
79656,2012-04-15,0.6844199,0
79657,2012-04-15,0.28089315,0
79658,2012-04-15,0.66945434,1
79659,2012-04-15,0.031086696,0
79660,2012-04-15,0.29423198,0
79661,2012-04-15,0.4206902,0
79662,2012-04-15,0.11758679,1
79663,2012-04-15,0.17145544,1
79664,2012-04-15,0.23217541,1
79665,2012-04-15,0.6740252,0
79666,2012-04-15,0.32743537,0
79667,2012-04-15,0.06001862,0
79668,2012-04-15,0.7391866,0
79669,2012-04-15,0.50376475,1
79670,2012-04-15,0.06798491,0
79671,2012-04-15,0.13657704,0
79672,2012-04-15,0.5055553,0
79673,2012-04-15,0.08503846,0
79674,2012-04-15,0.43501103,0
79675,2012-04-15,0.03731856,0
79676,2012-04-15,0.7233626,0
79677,2012-04-15,0.11719484,1
79678,2012-04-15,0.49285993,1
79679,2012-04-15,0.35331684,0
79680,2012-04-15,0.30276188,0
79681,2012-04-15,0.5347327,0
79682,2012-04-15,0.5420159,0
79683,2012-04-15,0.581715,1
79684,2012-04-15,0.28243148,0
79685,2012-04-15,0.09983948,0
79686,2012-04-15,0.17726505,0
79687,2012-04-15,0.28267568,0
79688,2012-04-15,0.70932454,1
79689,2012-04-15,0.08432736,1
79690,2012-04-15,0.0198924,0
79691,2012-04-15,0.14838572,1
79692,2012-04-15,0.3790999,1
79693,2012-04-15,0.1327545,0
79694,2012-04-15,0.48666114,0
79695,2012-04-15,0.17663816,0
79696,2012-04-15,0.66839015,0
79697,2012-04-15,0.31328887,0
79698,2012-04-15,0.51311725,1
79699,2012-04-15,0.45179573,0
79700,2012-04-15,0.7965919,1
79701,2012-04-15,0.061557796,0
79702,2012-04-15,0.13597165,0
79703,2012-04-15,0.6317715,0
79704,2012-04-15,0.11710752,1
79705,2012-04-15,0.32961178,0
79706,2012-04-15,0.63987374,1
79707,2012-04-15,0.1797715,1
79708,2012-04-15,0.3633776,1
79709,2012-04-15,0.7129598,1
79710,2012-04-15,0.20316689,0
79711,2012-04-15,0.101098984,0
79712,2012-04-15,0.670774,1
79713,2012-04-15,0.14168814,1
79714,2012-04-15,0.49224627,0
79715,2012-04-15,0.38679,0
79716,2012-04-15,0.5820965,1
79717,2012-04-15,0.26895085,1
79718,2012-04-15,0.18688177,1
79719,2012-04-15,0.84868705,1
79720,2012-04-15,0.5205053,1
79721,2012-04-15,0.4225637,1
79722,2012-04-15,0.21769254,1
79723,2012-04-15,0.34111056,1
79724,2012-04-15,0.036954265,0
79725,2012-04-15,0.11281906,0
79726,2012-04-15,0.52555704,0
79727,2012-04-15,0.6747769,1
79728,2012-04-15,0.2857166,0
79729,2012-04-15,0.2621619,1
79730,2012-04-15,0.84403557,0
79731,2012-04-15,0.007201973,0
79732,2012-04-15,0.11453368,0
79733,2012-04-15,0.44116506,1
79734,2012-04-15,0.14696157,0
79735,2012-04-15,0.5699561,0
79736,2012-04-15,0.6484259,0
79737,2012-04-15,0.54239726,0
79738,2012-04-15,0.10043206,1
79739,2012-04-15,0.5599519,1
79740,2012-04-15,0.45355874,1
79741,2012-04-15,0.738314,0
79742,2012-04-15,0.3158856,1
79743,2012-04-15,0.31639448,0
79744,2012-04-15,0.1910824,1
79745,2012-04-15,0.5006807,1
79746,2012-04-15,0.8278625,1
79747,2012-04-15,0.21484873,0
79748,2012-04-15,0.6904186,1
79749,2012-04-15,0.6745984,0
79750,2012-04-15,0.24368924,0
79751,2012-04-15,0.023212407,0
79752,2012-04-15,0.38166872,1
79753,2012-04-15,0.5945756,0
79754,2012-04-15,0.72626394,0
79755,2012-04-15,0.3109609,0
79756,2012-04-15,0.12157858,0
79757,2012-04-15,0.05470013,0
79758,2012-04-15,0.19851352,0
79759,2012-04-15,0.6826533,0
79760,2012-04-15,0.03218724,0
79761,2012-04-15,0.07020344,0
79762,2012-04-15,0.4529728,0
79763,2012-04-15,0.26401538,1
79764,2012-04-15,0.05273105,0
79765,2012-04-15,0.030277625,0
79766,2012-04-15,0.44440007,0
79767,2012-04-15,0.75534284,1
79768,2012-04-15,0.6762741,0
79769,2012-04-15,0.042714678,0
79770,2012-04-15,0.4822132,0
79771,2012-04-15,0.83388674,1
79772,2012-04-15,0.22265753,0
79773,2012-04-15,0.47931814,0
79774,2012-04-15,0.1670486,1
79775,2012-04-15,0.45110327,0
79776,2012-04-15,0.6580313,1
79777,2012-04-15,0.3812992,1
79778,2012-04-15,0.22113806,0
79779,2012-04-15,0.11230632,1
79780,2012-04-15,0.6346321,1
79781,2012-04-15,0.352472,1
79782,2012-04-15,0.1609896,0
79783,2012-04-15,0.3334335,1
79784,2012-04-15,0.61653596,0
79785,2012-04-15,0.37526473,0
79786,2012-04-15,0.41659972,0
79787,2012-04-15,0.28961846,1
79788,2012-04-15,0.8220906,1
79789,2012-04-15,0.49481672,0
79790,2012-04-15,0.40503466,1
79791,2012-04-15,0.23643462,0
79792,2012-04-15,0.53757036,1
79793,2012-04-15,0.18514088,0
79794,2012-04-15,0.8306136,0
79795,2012-04-15,0.24367009,1
79796,2012-04-15,0.50127894,1
79797,2012-04-15,0.6807588,0
79798,2012-04-15,0.16704771,0
79799,2012-04-15,0.44216958,0
79800,2012-04-15,0.21034493,1
79801,2012-04-15,0.41973928,1
79802,2012-04-15,0.25685632,0
79803,2012-04-15,0.041003436,0
79804,2012-04-15,0.1845303,0
79805,2012-04-15,0.3344403,0
79806,2012-04-15,0.20142713,0
79807,2012-04-15,0.5085754,1
79808,2012-04-15,0.45694664,1
79809,2012-04-15,0.5165123,0
79810,2012-04-15,0.3095916,1
79811,2012-04-15,0.8982781,0
79812,2012-04-15,0.23955227,0
79813,2012-04-15,0.41834897,0
79814,2012-04-15,0.39711267,1
79815,2012-04-15,0.03566279,0
79816,2012-04-15,0.52152795,0
79817,2012-04-15,0.09625202,0
79818,2012-04-15,0.23725015,0
79819,2012-04-15,0.5272861,0
79820,2012-04-15,0.40758017,1
79821,2012-04-15,0.09675481,1
79822,2012-04-15,0.14787826,1
79823,2012-04-15,0.20792907,0
79824,2012-04-15,0.5679972,1
79825,2012-04-15,0.58896655,0
79826,2012-04-15,0.27524948,0
79827,2012-04-15,0.27938133,0
79828,2012-04-15,0.51202905,0
79829,2012-04-15,0.21049978,1
79830,2012-04-15,0.06135594,0
79831,2012-04-15,0.5147166,0
79832,2012-04-15,0.13260254,1
79833,2012-04-15,0.49591404,1
79834,2012-04-15,0.17650335,0
79835,2012-04-15,0.417076,0
79836,2012-04-15,0.055929117,0
79837,2012-04-15,0.20024677,1
79838,2012-04-15,0.29127142,0
79839,2012-04-15,0.6834186,1
79840,2012-04-15,0.21238266,0
79841,2012-04-15,0.5811889,1
79842,2012-04-15,0.043130167,0
79843,2012-04-15,0.55191636,1
79844,2012-04-15,0.13427286,0
79845,2012-04-15,0.2710547,0
79846,2012-04-15,0.4803267,0
79847,2012-04-15,0.6392955,0
79848,2012-04-15,0.28298655,0
79849,2012-04-15,0.06117972,0
79850,2012-04-15,0.5502085,0
79851,2012-04-15,0.42689922,1
79852,2012-04-15,0.08975593,0
79853,2012-04-15,0.404826,0
79854,2012-04-15,0.6847062,1
79855,2012-04-16,0.5890398,0
79856,2012-04-16,0.77776545,1
79857,2012-04-16,0.07796257,0
79858,2012-04-16,0.76312363,0
79859,2012-04-16,0.16120751,1
79860,2012-04-16,0.55776507,1
79861,2012-04-16,0.07860554,1
79862,2012-04-16,0.2775102,1
79863,2012-04-16,0.35206828,1
79864,2012-04-16,0.22502379,0
79865,2012-04-16,0.061403576,0
79866,2012-04-16,0.10047149,1
79867,2012-04-16,0.22207573,0
79868,2012-04-16,0.54119736,0
79869,2012-04-16,0.34516418,1
79870,2012-04-16,0.31092685,1
79871,2012-04-16,0.283085,0
79872,2012-04-16,0.30180022,0
79873,2012-04-16,0.7212146,1
79874,2012-04-16,0.21472423,1
79875,2012-04-16,0.31948233,0
79876,2012-04-16,0.055924434,0
79877,2012-04-16,0.25771007,0
79878,2012-04-16,0.30979797,1
79879,2012-04-16,0.1809227,0
79880,2012-04-16,0.01964322,0
79881,2012-04-16,0.08528859,0
79882,2012-04-16,0.3581917,0
79883,2012-04-16,0.036362354,0
79884,2012-04-16,0.21587735,0
79885,2012-04-16,0.090566546,0
79886,2012-04-16,0.7634035,0
79887,2012-04-16,0.14557229,0
79888,2012-04-16,0.18064032,0
79889,2012-04-16,0.6138687,0
79890,2012-04-16,0.7860331,0
79891,2012-04-16,0.22375382,1
79892,2012-04-16,0.24009411,1
79893,2012-04-16,0.17599769,1
79894,2012-04-16,0.22403072,0
79895,2012-04-16,0.34011427,0
79896,2012-04-16,0.18899982,0
79897,2012-04-16,0.35036498,1
79898,2012-04-16,0.19575633,1
79899,2012-04-16,0.34615287,0
79900,2012-04-16,0.21693592,0
79901,2012-04-16,0.57229143,1
79902,2012-04-16,0.38435605,1
79903,2012-04-16,0.5880421,1
79904,2012-04-16,0.2834788,0
79905,2012-04-16,0.30918863,0
79906,2012-04-16,0.043965604,0
79907,2012-04-16,0.26779747,1
79908,2012-04-16,0.21227805,1
79909,2012-04-16,0.8684027,1
79910,2012-04-16,0.12144046,1
79911,2012-04-16,0.107875705,0
79912,2012-04-16,0.14154617,1
79913,2012-04-16,0.2571507,0
79914,2012-04-16,0.04361145,0
79915,2012-04-16,0.21637774,0
79916,2012-04-16,0.25824246,0
79917,2012-04-16,0.37923655,1
79918,2012-04-16,0.1670172,0
79919,2012-04-16,0.03200948,0
79920,2012-04-16,0.2618779,0
79921,2012-04-16,0.14705841,0
79922,2012-04-16,0.2857166,0
79923,2012-04-16,0.22858,1
79924,2012-04-16,0.12742089,0
79925,2012-04-16,0.04412677,0
79926,2012-04-16,0.6795312,1
79927,2012-04-16,0.29929203,1
79928,2012-04-16,0.44551688,0
79929,2012-04-16,0.7264863,0
79930,2012-04-16,0.54796606,0
79931,2012-04-16,0.03122698,0
79932,2012-04-16,0.27763304,0
79933,2012-04-16,0.3344484,1
79934,2012-04-16,0.1776357,0
79935,2012-04-16,0.30142245,0
79936,2012-04-16,0.08385567,1
79937,2012-04-16,0.1619784,1
79938,2012-04-16,0.43140978,0
79939,2012-04-16,0.7381349,1
79940,2012-04-16,0.5004871,1
79941,2012-04-16,0.30884752,0
79942,2012-04-16,0.57003593,1
79943,2012-04-16,0.29923126,0
79944,2012-04-16,0.55588084,0
79945,2012-04-16,0.21013993,0
79946,2012-04-16,0.71514815,1
79947,2012-04-16,0.28814054,1
79948,2012-04-16,0.4654184,1
79949,2012-04-16,0.3129986,1
79950,2012-04-16,0.15644129,0
79951,2012-04-16,0.095725924,0
79952,2012-04-16,0.5836459,1
79953,2012-04-16,0.37879634,0
79954,2012-04-16,0.06947925,0
79955,2012-04-16,0.46605086,0
79956,2012-04-16,0.3676176,1
79957,2012-04-16,0.5155014,0
79958,2012-04-16,0.2849034,0
79959,2012-04-16,0.41222087,1
79960,2012-04-16,0.43815714,0
79961,2012-04-16,0.16627648,0
79962,2012-04-16,0.53144425,0
79963,2012-04-16,0.5279564,0
79964,2012-04-16,0.15824106,0
79965,2012-04-16,0.28135303,1
79966,2012-04-16,0.81464255,1
79967,2012-04-16,0.25704136,1
79968,2012-04-16,0.68675524,0
79969,2012-04-16,0.028599108,0
79970,2012-04-16,0.25933802,1
79971,2012-04-16,0.42346093,0
79972,2012-04-16,0.6320072,0
79973,2012-04-16,0.52278733,0
79974,2012-04-16,0.17339122,1
79975,2012-04-16,0.35299534,0
79976,2012-04-16,0.30056983,0
79977,2012-04-16,0.3121956,1
79978,2012-04-16,0.051805362,0
79979,2012-04-16,0.41419965,1
79980,2012-04-16,0.16610299,0
79981,2012-04-16,0.6709127,1
79982,2012-04-16,0.117797464,0
79983,2012-04-16,0.5369269,0
79984,2012-04-16,0.35410342,1
79985,2012-04-16,0.15232117,0
79986,2012-04-16,0.23950416,0
79987,2012-04-16,0.19994281,1
79988,2012-04-16,0.08508544,1
79989,2012-04-16,0.05458294,0
79990,2012-04-16,0.22405203,1
79991,2012-04-16,0.2923737,0
79992,2012-04-16,0.26809147,0
79993,2012-04-16,0.45912778,1
79994,2012-04-16,0.024545306,0
79995,2012-04-16,0.31946734,0
79996,2012-04-16,0.523414,0
79997,2012-04-16,0.2537296,0
79998,2012-04-16,0.04988324,1
79999,2012-04-16,0.5152183,1
80000,2012-04-16,0.08006361,1
80001,2012-04-16,0.31347436,1
80002,2012-04-16,0.1163781,0
80003,2012-04-16,0.48730406,1
80004,2012-04-16,0.23593132,0
80005,2012-04-16,0.13882975,1
80006,2012-04-16,0.48538792,0
80007,2012-04-16,0.12886274,1
80008,2012-04-16,0.40137976,1
80009,2012-04-16,0.16162334,0
80010,2012-04-16,0.4237948,1
80011,2012-04-16,0.37603828,0
80012,2012-04-16,0.5499747,1
80013,2012-04-16,0.3125565,1
80014,2012-04-16,0.47764224,1
80015,2012-04-16,0.15877251,0
80016,2012-04-16,0.51886946,1
80017,2012-04-16,0.13979292,0
80018,2012-04-16,0.14932209,0
80019,2012-04-16,0.18375117,0
80020,2012-04-16,0.21927819,1
80021,2012-04-16,0.6979754,1
80022,2012-04-16,0.07552141,0
80023,2012-04-16,0.08142211,0
80024,2012-04-16,0.07946681,0
80025,2012-04-16,0.19927345,0
80026,2012-04-16,0.27647263,0
80027,2012-04-16,0.41265234,1
80028,2012-04-16,0.38841504,0
80029,2012-04-16,0.24122955,1
80030,2012-04-16,0.23543137,1
80031,2012-04-16,0.6100429,0
80032,2012-04-16,0.057436563,1
80033,2012-04-16,0.14653681,0
80034,2012-04-16,0.05157695,1
80035,2012-04-16,0.074469954,0
80036,2012-04-16,0.08541611,0
80037,2012-04-16,0.07329933,1
80038,2012-04-16,0.28175724,1
80039,2012-04-16,0.6850968,0
80040,2012-04-16,0.57691944,0
80041,2012-04-16,0.49180174,0
80042,2012-04-16,0.6281324,0
80043,2012-04-16,0.36803073,0
80044,2012-04-16,0.37368095,1
80045,2012-04-16,0.8660845,1
80046,2012-04-16,0.417279,1
80047,2012-04-16,0.4684816,0
80048,2012-04-16,0.22193056,0
80049,2012-04-16,0.47236484,0
80050,2012-04-16,0.21202946,0
80051,2012-04-16,0.40980956,1
80052,2012-04-16,0.44380346,0
80053,2012-04-16,0.13236956,0
80054,2012-04-16,0.37582648,0
80055,2012-04-16,0.5522409,0
80056,2012-04-16,0.28177023,1
80057,2012-04-16,0.6124358,1
80058,2012-04-16,0.39471313,1
80059,2012-04-16,0.36972344,0
80060,2012-04-16,0.1773572,0
80061,2012-04-16,0.23860331,1
80062,2012-04-16,0.15896945,0
80063,2012-04-16,0.7750463,0
80064,2012-04-16,0.35547802,1
80065,2012-04-16,0.025728822,0
80066,2012-04-16,0.19415887,0
80067,2012-04-16,0.16945384,1
80068,2012-04-16,0.76164156,1
80069,2012-04-16,0.8385849,0
80070,2012-04-16,0.41306233,0
80071,2012-04-16,0.1829679,1
80072,2012-04-16,0.2786785,0
80073,2012-04-16,0.09378447,0
80074,2012-04-16,0.18874548,0
80075,2012-04-16,0.17261364,0
80076,2012-04-16,0.053264163,1
80077,2012-04-16,0.44230548,1
80078,2012-04-16,0.16177742,0
80079,2012-04-17,0.4136127,0
80080,2012-04-17,0.2257342,0
80081,2012-04-17,0.3202166,1
80082,2012-04-17,0.56592786,0
80083,2012-04-17,0.31630757,1
80084,2012-04-17,0.32220003,0
80085,2012-04-17,0.23033294,0
80086,2012-04-17,0.20786647,1
80087,2012-04-17,0.5367937,0
80088,2012-04-17,0.10080871,0
80089,2012-04-17,0.43821615,0
80090,2012-04-17,0.08141296,0
80091,2012-04-17,0.8264954,1
80092,2012-04-17,0.45332956,0
80093,2012-04-17,0.096558735,0
80094,2012-04-17,0.033831775,0
80095,2012-04-17,0.123847485,0
80096,2012-04-17,0.33386913,0
80097,2012-04-17,0.3362939,1
80098,2012-04-17,0.5292914,0
80099,2012-04-17,0.56417066,1
80100,2012-04-17,0.1421281,1
80101,2012-04-17,0.23165934,1
80102,2012-04-17,0.45311624,1
80103,2012-04-17,0.19644177,0
80104,2012-04-17,0.10392678,1
80105,2012-04-17,0.18696745,0
80106,2012-04-17,0.23971008,0
80107,2012-04-17,0.64049304,0
80108,2012-04-17,0.29401332,1
80109,2012-04-17,0.72982734,0
80110,2012-04-17,0.1073887,0
80111,2012-04-17,0.35325515,1
80112,2012-04-17,0.010597654,0
80113,2012-04-17,0.2969183,0
80114,2012-04-17,0.14853115,0
80115,2012-04-17,0.1580517,1
80116,2012-04-17,0.09468976,0
80117,2012-04-17,0.33493695,1
80118,2012-04-17,0.45788077,0
80119,2012-04-17,0.94484746,1
80120,2012-04-17,0.084573515,1
80121,2012-04-17,0.08927052,0
80122,2012-04-17,0.19506639,1
80123,2012-04-17,0.13328283,0
80124,2012-04-17,0.14785378,1
80125,2012-04-17,0.045248684,0
80126,2012-04-17,0.112802066,0
80127,2012-04-17,0.1440309,0
80128,2012-04-17,0.21908864,0
80129,2012-04-17,0.04238925,0
80130,2012-04-17,0.05684952,0
80131,2012-04-17,0.09117238,0
80132,2012-04-17,0.32342035,1
80133,2012-04-17,0.27489793,0
80134,2012-04-17,0.29183337,1
80135,2012-04-17,0.14486855,1
80136,2012-04-17,0.25171575,0
80137,2012-04-17,0.2107868,1
80138,2012-04-17,0.66358846,1
80139,2012-04-17,0.29455686,0
80140,2012-04-17,0.16810846,1
80141,2012-04-17,0.38082623,0
80142,2012-04-17,0.2963305,0
80143,2012-04-17,0.39981398,1
80144,2012-04-17,0.06851604,0
80145,2012-04-17,0.24918063,1
80146,2012-04-17,0.6131865,1
80147,2012-04-17,0.10334688,0
80148,2012-04-17,0.26511222,0
80149,2012-04-17,0.2863619,0
80150,2012-04-17,0.11215098,0
80151,2012-04-17,0.5635988,0
80152,2012-04-17,0.34967816,0
80153,2012-04-17,0.2034573,1
80154,2012-04-17,0.09969928,0
80155,2012-04-17,0.08431482,0
80156,2012-04-17,0.10394903,1
80157,2012-04-17,0.1805538,1
80158,2012-04-17,0.11857693,1
80159,2012-04-18,0.0325971,0
80160,2012-04-18,0.03952209,0
80161,2012-04-18,0.19582254,0
80162,2012-04-18,0.35644305,1
80163,2012-04-18,0.1950321,0
80164,2012-04-18,0.3429392,0
80165,2012-04-18,0.5003031,0
80166,2012-04-18,0.098781966,0
80167,2012-04-18,0.5104331,0
80168,2012-04-18,0.15690991,1
80169,2012-04-18,0.43204045,1
80170,2012-04-18,0.1865028,0
80171,2012-04-18,0.46057478,0
80172,2012-04-18,0.52063215,1
80173,2012-04-18,0.49468645,1
80174,2012-04-18,0.033042505,0
80175,2012-04-18,0.23299246,0
80176,2012-04-18,0.13439126,1
80177,2012-04-18,0.48654482,1
80178,2012-04-18,0.64068717,0
80179,2012-04-18,0.16193643,1
80180,2012-04-18,0.5703274,0
80181,2012-04-18,0.33273274,0
80182,2012-04-18,0.37163126,1
80183,2012-04-18,0.052133583,0
80184,2012-04-18,0.08225155,0
80185,2012-04-18,0.12664093,0
80186,2012-04-18,0.07349714,0
80187,2012-04-18,0.53436565,0
80188,2012-04-18,0.59912944,1
80189,2012-04-18,0.5834226,0
80190,2012-04-18,0.73827434,1
80191,2012-04-18,0.011589182,0
80192,2012-04-18,0.6941157,1
80193,2012-04-18,0.70385975,0
80194,2012-04-18,0.15538177,0
80195,2012-04-18,0.22125565,0
80196,2012-04-18,0.34339786,0
80197,2012-04-18,0.08850712,0
80198,2012-04-18,0.036405835,0
80199,2012-04-18,0.2441614,0
80200,2012-04-18,0.14222021,0
80201,2012-04-18,0.33227268,0
80202,2012-04-18,0.11810206,0
80203,2012-04-18,0.26615518,1
80204,2012-04-18,0.078696124,0
80205,2012-04-18,0.41064957,0
80206,2012-04-18,0.40523046,0
80207,2012-04-18,0.2972174,0
80208,2012-04-18,0.49063194,0
80209,2012-04-18,0.8250918,1
80210,2012-04-18,0.40185323,0
80211,2012-04-18,0.47861737,1
80212,2012-04-18,0.43771693,0
80213,2012-04-18,0.17052779,0
80214,2012-04-18,0.078699715,0
80215,2012-04-18,0.22851355,0
80216,2012-04-18,0.9252294,1
80217,2012-04-18,0.24300398,0
80218,2012-04-18,0.65434384,1
80219,2012-04-18,0.7327911,0
80220,2012-04-18,0.2657562,0
80221,2012-04-18,0.2653404,0
80222,2012-04-18,0.30121085,1
80223,2012-04-18,0.11733821,0
80224,2012-04-18,0.5703338,1
80225,2012-04-18,0.51242286,0
80226,2012-04-18,0.13206981,0
80227,2012-04-18,0.043685913,0
80228,2012-04-18,0.13741739,0
80229,2012-04-18,0.061502136,0
80230,2012-04-18,0.20283751,1
80231,2012-04-18,0.11371465,0
80232,2012-04-18,0.06397944,0
80233,2012-04-18,0.64613384,1
80234,2012-04-18,0.06665352,1
80235,2012-04-18,0.304141,0
80236,2012-04-18,0.42730957,0
80237,2012-04-18,0.08917587,0
80238,2012-04-18,0.37472913,0
80239,2012-04-18,0.141031,0
80240,2012-04-18,0.28016484,0
80241,2012-04-18,0.0283606,0
80242,2012-04-18,0.08373749,0
80243,2012-04-18,0.76589864,0
80244,2012-04-18,0.17418462,1
80245,2012-04-18,0.40825182,0
80246,2012-04-18,0.18536603,0
80247,2012-04-18,0.1569447,0
80248,2012-04-18,0.15951833,0
80249,2012-04-18,0.20463598,0
80250,2012-04-18,0.06798568,0
80251,2012-04-18,0.57928735,0
80252,2012-04-18,0.6224717,1
80253,2012-04-18,0.24646665,1
80254,2012-04-18,0.27160162,0
80255,2012-04-18,0.53178734,0
80256,2012-04-18,0.119205646,0
80257,2012-04-18,0.53781056,1
80258,2012-04-18,0.51510125,1
80259,2012-04-18,0.019159235,0
80260,2012-04-18,0.03459891,0
80261,2012-04-18,0.7275065,1
80262,2012-04-18,0.085362576,0
80263,2012-04-18,0.52522725,0
80264,2012-04-18,0.18790409,0
80265,2012-04-18,0.19943976,0
80266,2012-04-18,0.17373736,0
80267,2012-04-18,0.31880865,1
80268,2012-04-18,0.04354887,0
80269,2012-04-18,0.4394265,0
80270,2012-04-18,0.49006206,0
80271,2012-04-18,0.38063985,1
80272,2012-04-18,0.20802842,0
80273,2012-04-18,0.6520479,1
80274,2012-04-18,0.7745163,0
80275,2012-04-18,0.7090869,0
80276,2012-04-18,0.5161306,1
80277,2012-04-18,0.53161806,0
80278,2012-04-18,0.29697105,0
80279,2012-04-18,0.37879255,1
80280,2012-04-18,0.1574366,0
80281,2012-04-18,0.17698765,0
80282,2012-04-18,0.1994283,0
80283,2012-04-18,0.1909324,0
80284,2012-04-18,0.08680191,0
80285,2012-04-18,0.18869212,1
80286,2012-04-18,0.015027503,1
80287,2012-04-18,0.29329798,0
80288,2012-04-18,0.20498465,1
80289,2012-04-18,0.2734698,1
80290,2012-04-18,0.3887392,1
80291,2012-04-18,0.11374932,0
80292,2012-04-18,0.17977293,0
80293,2012-04-18,0.3071744,0
80294,2012-04-18,0.2734616,0
80295,2012-04-18,0.18438408,0
80296,2012-04-18,0.6289262,1
80297,2012-04-18,0.56399214,1
80298,2012-04-18,0.5849352,1
80299,2012-04-18,0.23074381,0
80300,2012-04-18,0.66543615,0
80301,2012-04-18,0.061584175,0
80302,2012-04-18,0.4536846,0
80303,2012-04-18,0.21025796,0
80304,2012-04-18,0.11630108,1
80305,2012-04-18,0.54886734,1
80306,2012-04-18,0.49221328,0
80307,2012-04-18,0.22466418,0
80308,2012-04-18,0.738314,1
80309,2012-04-18,0.37467146,1
80310,2012-04-18,0.5388773,0
80311,2012-04-18,0.45497102,0
80312,2012-04-18,0.42474025,0
80313,2012-04-18,0.37266362,1
80314,2012-04-18,0.10935722,0
80315,2012-04-18,0.30370572,0
80316,2012-04-18,0.30851945,1
80317,2012-04-18,0.12488428,0
80318,2012-04-18,0.18470776,0
80319,2012-04-18,0.40712917,1
80320,2012-04-18,0.50404125,0
80321,2012-04-18,0.7470272,1
80322,2012-04-18,0.54411584,1
80323,2012-04-18,0.061509497,0
80324,2012-04-18,0.018390123,0
80325,2012-04-18,0.6924812,1
80326,2012-04-18,0.26474315,0
80327,2012-04-18,0.3839418,0
80328,2012-04-18,0.3936268,0
80329,2012-04-18,0.060195148,0
80330,2012-04-18,0.39499655,1
80331,2012-04-18,0.3678348,1
80332,2012-04-18,0.052116364,0
80333,2012-04-18,0.12851338,0
80334,2012-04-18,0.45366293,0
80335,2012-04-18,0.079176076,1
80336,2012-04-18,0.59726924,0
80337,2012-04-18,0.4416545,0
80338,2012-04-18,0.031060841,0
80339,2012-04-18,0.30725268,0
80340,2012-04-18,0.07885392,0
80341,2012-04-18,0.012124829,0
80342,2012-04-18,0.08621301,0
80343,2012-04-18,0.4773871,1
80344,2012-04-18,0.31211278,0
80345,2012-04-18,0.48264652,0
80346,2012-04-18,0.39575574,1
80347,2012-04-18,0.5546135,0
80348,2012-04-18,0.3899007,1
80349,2012-04-18,0.47706544,1
80350,2012-04-18,0.109616615,0
80351,2012-04-18,0.26175842,0
80352,2012-04-18,0.088680826,0
80353,2012-04-18,0.650069,1
80354,2012-04-18,0.19618961,1
80355,2012-04-18,0.45126536,1
80356,2012-04-18,0.12880972,0
80357,2012-04-18,0.0048586787,1
80358,2012-04-18,0.114761345,0
80359,2012-04-18,0.12512225,0
80360,2012-04-18,0.1195027,0
80361,2012-04-18,0.4475946,1
80362,2012-04-18,0.027707165,0
80363,2012-04-18,0.43109763,0
80364,2012-04-19,0.24340962,0
80365,2012-04-19,0.13946338,0
80366,2012-04-19,0.7749681,0
80367,2012-04-19,0.19787677,0
80368,2012-04-19,0.19195057,0
80369,2012-04-19,0.3176405,1
80370,2012-04-19,0.6199077,0
80371,2012-04-19,0.11070212,0
80372,2012-04-19,0.32920673,0
80373,2012-04-19,0.09635986,0
80374,2012-04-19,0.59475225,0
80375,2012-04-19,0.28077385,0
80376,2012-04-19,0.4495305,1
80377,2012-04-19,0.58320546,0
80378,2012-04-19,0.63151586,1
80379,2012-04-19,0.50821006,0
80380,2012-04-19,0.074977234,0
80381,2012-04-19,0.42967743,1
80382,2012-04-19,0.6840897,0
80383,2012-04-19,0.44121245,1
80384,2012-04-19,0.42477423,1
80385,2012-04-19,0.38500354,1
80386,2012-04-19,0.06360647,0
80387,2012-04-19,0.40754238,0
80388,2012-04-19,0.15174727,1
80389,2012-04-19,0.0362643,0
80390,2012-04-19,0.057321023,0
80391,2012-04-19,0.17010376,0
80392,2012-04-19,0.02966008,0
80393,2012-04-19,0.20130748,0
80394,2012-04-19,0.4999839,0
80395,2012-04-19,0.23075737,0
80396,2012-04-19,0.2662669,0
80397,2012-04-19,0.8989899,0
80398,2012-04-19,0.6256741,0
80399,2012-04-19,0.39576292,0
80400,2012-04-19,0.21579842,1
80401,2012-04-19,0.79921174,1
80402,2012-04-19,0.3663051,0
80403,2012-04-19,0.24792653,1
80404,2012-04-19,0.14343072,0
80405,2012-04-19,0.5103686,0
80406,2012-04-19,0.03608662,0
80407,2012-04-19,0.5132757,0
80408,2012-04-19,0.07131316,0
80409,2012-04-19,0.12361726,0
80410,2012-04-19,0.21981665,1
80411,2012-04-19,0.73393273,0
80412,2012-04-19,0.5644544,0
80413,2012-04-19,0.2699997,1
80414,2012-04-19,0.14904028,1
80415,2012-04-19,0.5731939,0
80416,2012-04-19,0.82974917,0
80417,2012-04-19,0.44769174,0
80418,2012-04-19,0.24215613,1
80419,2012-04-19,0.45648444,0
80420,2012-04-19,0.3307946,0
80421,2012-04-19,0.23827745,0
80422,2012-04-19,0.030555192,0
80423,2012-04-19,0.39708295,0
80424,2012-04-19,0.34392497,0
80425,2012-04-19,0.7448222,1
80426,2012-04-19,0.449144,1
80427,2012-04-19,0.2199296,0
80428,2012-04-19,0.19832014,0
80429,2012-04-19,0.15392168,1
80430,2012-04-19,0.054851275,0
80431,2012-04-19,0.24315555,0
80432,2012-04-19,0.50554526,0
80433,2012-04-19,0.33488536,0
80434,2012-04-19,0.6629374,1
80435,2012-04-19,0.060992885,0
80436,2012-04-19,0.20653635,0
80437,2012-04-19,0.32002887,0
80438,2012-04-19,0.51463556,0
80439,2012-04-19,0.61252934,0
80440,2012-04-19,0.82067657,0
80441,2012-04-19,0.30722687,0
80442,2012-04-19,0.47222874,1
80443,2012-04-19,0.5899562,0
80444,2012-04-19,0.36969516,1
80445,2012-04-19,0.3538025,0
80446,2012-04-19,0.6054224,0
80447,2012-04-19,0.12602507,0
80448,2012-04-19,0.62037444,0
80449,2012-04-19,0.25352892,1
80450,2012-04-19,0.16476624,1
80451,2012-04-19,0.28390503,1
80452,2012-04-19,0.20191696,0
80453,2012-04-19,0.3729832,0
80454,2012-04-19,0.70806396,1
80455,2012-04-19,0.096902,1
80456,2012-04-19,0.11648308,0
80457,2012-04-19,0.41716203,0
80458,2012-04-19,0.32357618,0
80459,2012-04-19,0.44687364,1
80460,2012-04-19,0.24855465,0
80461,2012-04-19,0.045369018,0
80462,2012-04-19,0.3042796,1
80463,2012-04-19,0.075693764,0
80464,2012-04-19,0.5283331,1
80465,2012-04-19,0.0843573,0
80466,2012-04-19,0.50707906,0
80467,2012-04-19,0.1779455,0
80468,2012-04-19,0.65202075,0
80469,2012-04-19,0.009929671,0
80470,2012-04-19,0.5360254,0
80471,2012-04-19,0.0939767,1
80472,2012-04-19,0.12754203,0
80473,2012-04-19,0.76277,1
80474,2012-04-19,0.19821729,0
80475,2012-04-19,0.3806775,0
80476,2012-04-19,0.08811573,0
80477,2012-04-19,0.46781418,0
80478,2012-04-19,0.6773752,0
80479,2012-04-19,0.5207473,0
80480,2012-04-19,0.63891804,1
80481,2012-04-19,0.1752922,0
80482,2012-04-19,0.50502557,1
80483,2012-04-19,0.35870484,1
80484,2012-04-19,0.33974394,0
80485,2012-04-19,0.39465156,0
80486,2012-04-19,0.2904063,0
80487,2012-04-19,0.31722876,1
80488,2012-04-19,0.26747832,0
80489,2012-04-19,0.10402016,0
80490,2012-04-19,0.36353973,0
80491,2012-04-19,0.22540867,1
80492,2012-04-19,0.7538554,1
80493,2012-04-19,0.16496128,1
80494,2012-04-19,0.7263941,0
80495,2012-04-19,0.36433533,0
80496,2012-04-19,0.13483019,0
80497,2012-04-19,0.4513755,1
80498,2012-04-20,0.5739169,1
80499,2012-04-20,0.23460941,0
80500,2012-04-20,0.21783622,0
80501,2012-04-20,0.4943972,1
80502,2012-04-20,0.7988912,0
80503,2012-04-20,0.055300884,1
80504,2012-04-20,0.016977055,0
80505,2012-04-20,0.43601045,1
80506,2012-04-20,0.046716858,0
80507,2012-04-20,0.7088063,1
80508,2012-04-20,0.7499046,1
80509,2012-04-20,0.27003092,0
80510,2012-04-20,0.44702756,1
80511,2012-04-20,0.040101904,0
80512,2012-04-20,0.6952436,1
80513,2012-04-20,0.12975672,1
80514,2012-04-20,0.037731797,0
80515,2012-04-20,0.40777045,0
80516,2012-04-20,0.5315907,1
80517,2012-04-20,0.04270621,0
80518,2012-04-20,0.37671027,0
80519,2012-04-20,0.018629463,0
80520,2012-04-20,0.19306324,0
80521,2012-04-20,0.24990702,0
80522,2012-04-20,0.29734385,1
80523,2012-04-20,0.72953516,1
80524,2012-04-20,0.3299573,1
80525,2012-04-20,0.5373442,0
80526,2012-04-20,0.2917046,1
80527,2012-04-20,0.3146108,0
80528,2012-04-20,0.3554331,1
80529,2012-04-20,0.8010027,1
80530,2012-04-20,0.2905735,0
80531,2012-04-20,0.09643508,1
80532,2012-04-20,0.28438306,1
80533,2012-04-20,0.46131524,1
80534,2012-04-20,0.08582949,0
80535,2012-04-20,0.5315474,1
80536,2012-04-20,0.4925798,0
80537,2012-04-20,0.6548198,1
80538,2012-04-20,0.6109241,0
80539,2012-04-20,0.7675769,1
80540,2012-04-20,0.9277416,0
80541,2012-04-20,0.23886248,0
80542,2012-04-20,0.64835787,1
80543,2012-04-20,0.12556133,0
80544,2012-04-20,0.3721073,0
80545,2012-04-20,0.12089245,0
80546,2012-04-20,0.1339458,1
80547,2012-04-20,0.3060767,0
80548,2012-04-20,0.13852532,0
80549,2012-04-20,0.10496134,1
80550,2012-04-20,0.23016353,0
80551,2012-04-20,0.23843466,0
80552,2012-04-20,0.30704162,0
80553,2012-04-20,0.015540956,0
80554,2012-04-20,0.35369796,1
80555,2012-04-20,0.43552017,0
80556,2012-04-20,0.56876904,0
80557,2012-04-20,0.15255347,0
80558,2012-04-20,0.2831078,0
80559,2012-04-20,0.8580899,0
80560,2012-04-20,0.12240215,0
80561,2012-04-20,0.5310061,0
80562,2012-04-20,0.105679184,0
80563,2012-04-20,0.86161387,1
80564,2012-04-20,0.40867966,1
80565,2012-04-20,0.45863602,0
80566,2012-04-20,0.10120372,0
80567,2012-04-20,0.07247084,0
80568,2012-04-20,0.15439124,0
80569,2012-04-20,0.09376103,0
80570,2012-04-20,0.24660067,0
80571,2012-04-20,0.22778438,0
80572,2012-04-20,0.14665014,0
80573,2012-04-20,0.09663757,0
80574,2012-04-20,0.47057003,1
80575,2012-04-20,0.30540568,1
80576,2012-04-20,0.42037958,0
80577,2012-04-20,0.25992215,1
80578,2012-04-20,0.4010861,0
80579,2012-04-20,0.48728457,0
80580,2012-04-20,0.58848584,1
80581,2012-04-20,0.21243379,0
80582,2012-04-20,0.38610741,0
80583,2012-04-20,0.20617251,0
80584,2012-04-20,0.6505735,1
80585,2012-04-20,0.10168345,0
80586,2012-04-20,0.58346826,0
80587,2012-04-20,0.1071752,0
80588,2012-04-20,0.45630744,1
80589,2012-04-20,0.40404555,0
80590,2012-04-20,0.46500292,1
80591,2012-04-20,0.21526663,0
80592,2012-04-20,0.17572902,1
80593,2012-04-20,0.19204749,1
80594,2012-04-20,0.07762556,0
80595,2012-04-20,0.3115285,1
80596,2012-04-20,0.31576145,0
80597,2012-04-20,0.5143407,0
80598,2012-04-20,0.24836849,0
80599,2012-04-20,0.8213653,0
80600,2012-04-20,0.5131317,1
80601,2012-04-20,0.15621765,1
80602,2012-04-20,0.21269666,0
80603,2012-04-20,0.17865251,0
80604,2012-04-20,0.3393976,1
80605,2012-04-20,0.7725798,1
80606,2012-04-20,0.28082713,0
80607,2012-04-20,0.15373573,0
80608,2012-04-20,0.21605426,0
80609,2012-04-20,0.7292994,0
80610,2012-04-20,0.4522183,0
80611,2012-04-20,0.21429306,0
80612,2012-04-20,0.50824255,1
80613,2012-04-20,0.2156463,0
80614,2012-04-20,0.20774141,1
80615,2012-04-20,0.6915885,0
80616,2012-04-20,0.22057067,0
80617,2012-04-20,0.09438385,0
80618,2012-04-20,0.46402362,0
80619,2012-04-20,0.43752822,1
80620,2012-04-20,0.29710442,0
80621,2012-04-20,0.11337204,0
80622,2012-04-20,0.47810426,0
80623,2012-04-20,0.05686678,0
80624,2012-04-20,0.27869827,0
80625,2012-04-20,0.18740943,1
80626,2012-04-20,0.73192024,0
80627,2012-04-20,0.43498883,1
80628,2012-04-20,0.14749512,1
80629,2012-04-20,0.12372553,0
80630,2012-04-20,0.6452549,1
80631,2012-04-20,0.5672015,1
80632,2012-04-20,0.22547655,1
80633,2012-04-20,0.428698,1
80634,2012-04-20,0.109841116,0
80635,2012-04-20,0.10886474,1
80636,2012-04-20,0.19499522,1
80637,2012-04-20,0.44568622,1
80638,2012-04-20,0.3907788,1
80639,2012-04-20,0.11865251,0
80640,2012-04-20,0.030465005,0
80641,2012-04-20,0.44123802,0
80642,2012-04-20,0.1279702,0
80643,2012-04-20,0.090548344,0
80644,2012-04-20,0.37481642,0
80645,2012-04-20,0.18436438,0
80646,2012-04-20,0.07636706,0
80647,2012-04-20,0.7465758,1
80648,2012-04-20,0.085335605,0
80649,2012-04-20,0.2065316,1
80650,2012-04-20,0.35006115,0
80651,2012-04-20,0.043308683,0
80652,2012-04-20,0.75514007,0
80653,2012-04-20,0.6118282,0
80654,2012-04-20,0.25605255,1
80655,2012-04-20,0.53441447,1
80656,2012-04-20,0.28111297,0
80657,2012-04-20,0.32789823,0
80658,2012-04-20,0.1358647,0
80659,2012-04-20,0.09881041,0
80660,2012-04-20,0.35208222,0
80661,2012-04-20,0.13581061,1
80662,2012-04-20,0.56134254,1
80663,2012-04-20,0.08768127,0
80664,2012-04-20,0.2336432,0
80665,2012-04-20,0.044087335,0
80666,2012-04-20,0.78434855,0
80667,2012-04-20,0.44948435,0
80668,2012-04-20,0.5329179,0
80669,2012-04-20,0.4363082,0
80670,2012-04-20,0.27501515,0
80671,2012-04-20,0.19606584,0
80672,2012-04-20,0.054446507,0
80673,2012-04-20,0.18973869,0
80674,2012-04-20,0.18678492,0
80675,2012-04-20,0.20026287,0
80676,2012-04-20,0.17274778,0
80677,2012-04-20,0.55325186,1
80678,2012-04-20,0.76891696,0
80679,2012-04-20,0.22423881,1
80680,2012-04-20,0.112753816,0
80681,2012-04-20,0.11537744,0
80682,2012-04-20,0.5746005,0
80683,2012-04-20,0.19527644,0
80684,2012-04-20,0.016155995,0
80685,2012-04-20,0.28296316,0
80686,2012-04-20,0.223915,0
80687,2012-04-20,0.13506435,0
80688,2012-04-20,0.4338282,0
80689,2012-04-20,0.25508818,0
80690,2012-04-20,0.5793579,0
80691,2012-04-20,0.7504419,0
80692,2012-04-20,0.64027023,0
80693,2012-04-20,0.42647305,0
80694,2012-04-20,0.25705168,0
80695,2012-04-20,0.19468261,0
80696,2012-04-20,0.016208779,0
80697,2012-04-20,0.08565741,0
80698,2012-04-20,0.5212377,1
80699,2012-04-20,0.629192,0
80700,2012-04-20,0.22935842,1
80701,2012-04-20,0.012724415,0
80702,2012-04-20,0.11993956,0
80703,2012-04-20,0.17016661,0
80704,2012-04-20,0.2582156,0
80705,2012-04-20,0.090531655,1
80706,2012-04-20,0.57697856,0
80707,2012-04-20,0.04503692,0
80708,2012-04-20,0.5675879,0
80709,2012-04-20,0.22397427,1
80710,2012-04-20,0.2703596,0
80711,2012-04-20,0.5020606,0
80712,2012-04-20,0.04204484,0
80713,2012-04-20,0.42439175,0
80714,2012-04-20,0.6791195,0
80715,2012-04-20,0.46913055,1
80716,2012-04-20,0.2507926,0
80717,2012-04-20,0.20599473,1
80718,2012-04-20,0.34791675,0
80719,2012-04-20,0.18581514,1
80720,2012-04-20,0.03208628,0
80721,2012-04-20,0.1712514,0
80722,2012-04-20,0.6771304,0
80723,2012-04-20,0.50505525,0
80724,2012-04-21,0.5985833,1
80725,2012-04-21,0.13623872,1
80726,2012-04-21,0.19803661,0
80727,2012-04-21,0.052588157,0
80728,2012-04-21,0.35883924,0
80729,2012-04-21,0.44756162,0
80730,2012-04-21,0.42894742,1
80731,2012-04-21,0.21501139,0
80732,2012-04-21,0.07241979,0
80733,2012-04-21,0.16973089,0
80734,2012-04-21,0.25154826,0
80735,2012-04-21,0.15778284,0
80736,2012-04-21,0.12804687,0
80737,2012-04-21,0.3672593,0
80738,2012-04-21,0.13153741,0
80739,2012-04-21,0.055176288,0
80740,2012-04-21,0.6005197,0
80741,2012-04-21,0.72147536,1
80742,2012-04-21,0.79326284,0
80743,2012-04-21,0.3559863,1
80744,2012-04-21,0.079298794,1
80745,2012-04-21,0.11415497,0
80746,2012-04-21,0.75521344,0
80747,2012-04-21,0.16001302,0
80748,2012-04-21,0.5792226,1
80749,2012-04-21,0.3837963,0
80750,2012-04-21,0.37297043,1
80751,2012-04-21,0.53017056,0
80752,2012-04-21,0.6945126,1
80753,2012-04-21,0.24583085,0
80754,2012-04-21,0.07637397,0
80755,2012-04-21,0.9019221,0
80756,2012-04-21,0.3211821,1
80757,2012-04-21,0.19111294,0
80758,2012-04-21,0.330991,0
80759,2012-04-21,0.027435418,0
80760,2012-04-21,0.41703197,0
80761,2012-04-21,0.2504834,0
80762,2012-04-21,0.7230217,0
80763,2012-04-21,0.19433415,0
80764,2012-04-21,0.23842281,0
80765,2012-04-21,0.8162087,1
80766,2012-04-21,0.23205191,0
80767,2012-04-21,0.47265628,1
80768,2012-04-21,0.12889987,0
80769,2012-04-21,0.52381194,1
80770,2012-04-21,0.50392556,0
80771,2012-04-21,0.20830981,0
80772,2012-04-21,0.09256406,0
80773,2012-04-21,0.5375449,0
80774,2012-04-21,0.39503753,0
80775,2012-04-21,0.12637226,1
80776,2012-04-21,0.18296771,0
80777,2012-04-21,0.87687695,0
80778,2012-04-21,0.4695894,0
80779,2012-04-21,0.25911483,0
80780,2012-04-21,0.021423701,0
80781,2012-04-21,0.4882589,1
80782,2012-04-21,0.014917297,0
80783,2012-04-21,0.11967041,0
80784,2012-04-21,0.40116757,0
80785,2012-04-21,0.49253628,1
80786,2012-04-21,0.35393202,0
80787,2012-04-21,0.24165799,0
80788,2012-04-21,0.6150862,1
80789,2012-04-21,0.73638,0
80790,2012-04-21,0.41618016,0
80791,2012-04-21,0.5778453,1
80792,2012-04-21,0.17205751,1
80793,2012-04-21,0.15620324,0
80794,2012-04-21,0.43489394,0
80795,2012-04-21,0.39775845,1
80796,2012-04-21,0.4147362,1
80797,2012-04-21,0.20330559,0
80798,2012-04-21,0.12988736,0
80799,2012-04-21,0.71371734,1
80800,2012-04-21,0.4214183,0
80801,2012-04-21,0.2896508,1
80802,2012-04-21,0.7001757,0
80803,2012-04-21,0.6510483,0
80804,2012-04-21,0.041234978,0
80805,2012-04-21,0.10378239,0
80806,2012-04-21,0.43371934,0
80807,2012-04-21,0.41079104,1
80808,2012-04-21,0.1961633,0
80809,2012-04-21,0.32451102,1
80810,2012-04-21,0.4953606,1
80811,2012-04-21,0.5613673,0
80812,2012-04-21,0.73220843,1
80813,2012-04-21,0.31372124,1
80814,2012-04-21,0.608708,1
80815,2012-04-21,0.29354092,0
80816,2012-04-21,0.5678752,0
80817,2012-04-21,0.113687605,0
80818,2012-04-21,0.1202901,0
80819,2012-04-21,0.30366063,0
80820,2012-04-21,0.26068944,1
80821,2012-04-21,0.12514521,0
80822,2012-04-21,0.3174428,0
80823,2012-04-21,0.67716676,0
80824,2012-04-21,0.17887221,1
80825,2012-04-21,0.35661036,0
80826,2012-04-21,0.19096701,0
80827,2012-04-21,0.07637397,0
80828,2012-04-21,0.07296166,0
80829,2012-04-22,0.4726333,0
80830,2012-04-22,0.25823352,0
80831,2012-04-22,0.4194222,0
80832,2012-04-22,0.41510698,1
80833,2012-04-22,0.60390097,0
80834,2012-04-22,0.3053811,0
80835,2012-04-22,0.5642191,1
80836,2012-04-22,0.46895137,0
80837,2012-04-22,0.13549478,0
80838,2012-04-22,0.59737676,0
80839,2012-04-22,0.78921646,0
80840,2012-04-22,0.603985,0
80841,2012-04-22,0.40290207,0
80842,2012-04-22,0.46899837,1
80843,2012-04-22,0.42271608,0
80844,2012-04-22,0.350105,1
80845,2012-04-22,0.6307096,1
80846,2012-04-22,0.14106616,0
80847,2012-04-22,0.11278127,0
80848,2012-04-22,0.7505774,0
80849,2012-04-22,0.0522449,0
80850,2012-04-22,0.10381973,0
80851,2012-04-22,0.42031032,0
80852,2012-04-22,0.8605118,1
80853,2012-04-22,0.33460197,1
80854,2012-04-22,0.6748034,0
80855,2012-04-22,0.5025125,1
80856,2012-04-22,0.40476686,0
80857,2012-04-22,0.14277312,0
80858,2012-04-22,0.21347605,0
80859,2012-04-22,0.47946328,0
80860,2012-04-22,0.2895904,0
80861,2012-04-22,0.27989668,0
80862,2012-04-22,0.4485639,0
80863,2012-04-22,0.5880165,1
80864,2012-04-22,0.5716689,0
80865,2012-04-22,0.041291624,0
80866,2012-04-22,0.45491228,1
80867,2012-04-22,0.24670838,1
80868,2012-04-22,0.33285862,0
80869,2012-04-22,0.51308316,0
80870,2012-04-22,0.30603284,0
80871,2012-04-22,0.3186506,1
80872,2012-04-22,0.7438248,0
80873,2012-04-22,0.5797528,0
80874,2012-04-22,0.24817874,0
80875,2012-04-22,0.6117971,0
80876,2012-04-22,0.770769,0
80877,2012-04-22,0.28338102,1
80878,2012-04-22,0.22433937,1
80879,2012-04-22,0.15072669,0
80880,2012-04-22,0.55216146,1
80881,2012-04-22,0.5311282,1
80882,2012-04-22,0.061295528,0
80883,2012-04-22,0.29927588,0
80884,2012-04-22,0.62835836,1
80885,2012-04-22,0.048903953,0
80886,2012-04-22,0.5916617,0
80887,2012-04-22,0.14231358,1
80888,2012-04-22,0.15498094,0
80889,2012-04-22,0.4621462,1
80890,2012-04-22,0.32984477,1
80891,2012-04-22,0.048678614,0
80892,2012-04-22,0.5818288,1
80893,2012-04-22,0.41580302,0
80894,2012-04-22,0.25654563,0
80895,2012-04-22,0.38310093,0
80896,2012-04-22,0.5552512,1
80897,2012-04-22,0.090788335,0
80898,2012-04-22,0.15682632,0
80899,2012-04-22,0.71345824,0
80900,2012-04-22,0.2703142,0
80901,2012-04-22,0.63874817,0
80902,2012-04-22,0.058120996,0
80903,2012-04-22,0.30017728,1
80904,2012-04-22,0.21767153,0
80905,2012-04-22,0.54005593,0
80906,2012-04-22,0.3143186,0
80907,2012-04-22,0.12695824,0
80908,2012-04-22,0.46092296,0
80909,2012-04-22,0.34611973,0
80910,2012-04-22,0.16515718,1
80911,2012-04-22,0.061282605,0
80912,2012-04-22,0.14861658,0
80913,2012-04-22,0.39057845,1
80914,2012-04-22,0.6181695,0
80915,2012-04-22,0.34708565,0
80916,2012-04-22,0.21262294,0
80917,2012-04-22,0.29539934,0
80918,2012-04-22,0.17437966,0
80919,2012-04-22,0.57843775,1
80920,2012-04-22,0.8207549,1
80921,2012-04-22,0.83144647,1
80922,2012-04-22,0.24614714,0
80923,2012-04-22,0.12208682,0
80924,2012-04-22,0.5076876,1
80925,2012-04-22,0.60794574,1
80926,2012-04-22,0.44772366,1
80927,2012-04-22,0.5611859,1
80928,2012-04-22,0.1478946,0
80929,2012-04-22,0.39520586,0
80930,2012-04-22,0.795826,1
80931,2012-04-22,0.21379174,1
80932,2012-04-22,0.55843425,0
80933,2012-04-22,0.506562,0
80934,2012-04-22,0.38831842,0
80935,2012-04-22,0.4243089,0
80936,2012-04-22,0.049314998,0
80937,2012-04-22,0.08291694,0
80938,2012-04-22,0.49281242,1
80939,2012-04-22,0.7162923,0
80940,2012-04-22,0.4464257,0
80941,2012-04-22,0.30303523,0
80942,2012-04-22,0.21678413,0
80943,2012-04-22,0.38058385,1
80944,2012-04-22,0.28653795,1
80945,2012-04-22,0.7561106,1
80946,2012-04-22,0.18536477,0
80947,2012-04-22,0.5237442,0
80948,2012-04-22,0.4047224,0
80949,2012-04-22,0.39248115,1
80950,2012-04-22,0.09556154,0
80951,2012-04-22,0.5430775,0
80952,2012-04-22,0.41525328,0
80953,2012-04-22,0.28568253,0
80954,2012-04-22,0.38295686,1
80955,2012-04-22,0.56275177,1
80956,2012-04-22,0.31199196,0
80957,2012-04-22,0.15772484,0
80958,2012-04-22,0.53905773,0
80959,2012-04-22,0.57110107,1
80960,2012-04-22,0.26081187,0
80961,2012-04-22,0.26614013,0
80962,2012-04-22,0.77865183,0
80963,2012-04-22,0.12123453,0
80964,2012-04-22,0.1344927,1
80965,2012-04-22,0.1897392,0
80966,2012-04-22,0.48172522,0
80967,2012-04-22,0.17268646,0
80968,2012-04-22,0.37907383,0
80969,2012-04-22,0.32322025,1
80970,2012-04-22,0.0750539,0
80971,2012-04-22,0.5313071,0
80972,2012-04-22,0.18614519,0
80973,2012-04-22,0.3294336,0
80974,2012-04-22,0.3751066,0
80975,2012-04-22,0.45664084,1
80976,2012-04-22,0.37672868,1
80977,2012-04-22,0.07895655,0
80978,2012-04-22,0.037111863,0
80979,2012-04-22,0.24976628,0
80980,2012-04-22,0.29116163,0
80981,2012-04-22,0.42589152,1
80982,2012-04-22,0.16397743,0
80983,2012-04-22,0.084507346,0
80984,2012-04-22,0.2819212,0
80985,2012-04-22,0.16023251,0
80986,2012-04-22,0.61002475,1
80987,2012-04-22,0.50536525,0
80988,2012-04-22,0.82263565,1
80989,2012-04-22,0.56637275,1
80990,2012-04-22,0.53703374,1
80991,2012-04-22,0.3799035,0
80992,2012-04-22,0.26886946,0
80993,2012-04-22,0.5097557,1
80994,2012-04-22,0.7066095,1
80995,2012-04-22,0.7627099,0
80996,2012-04-22,0.11412564,0
80997,2012-04-22,0.8199296,0
80998,2012-04-22,0.22286372,0
80999,2012-04-22,0.65747124,1
81000,2012-04-22,0.29458815,1
81001,2012-04-22,0.3199613,1
81002,2012-04-22,0.19826041,0
81003,2012-04-22,0.62375224,1
81004,2012-04-22,0.35657555,0
81005,2012-04-22,0.36704272,0
81006,2012-04-22,0.122006804,0
81007,2012-04-22,0.662223,1
81008,2012-04-22,0.23924552,1
81009,2012-04-22,0.11000462,0
81010,2012-04-22,0.7627,1
81011,2012-04-22,0.28833988,1
81012,2012-04-22,0.43793184,1
81013,2012-04-22,0.32146558,0
81014,2012-04-22,0.23324667,0
81015,2012-04-22,0.24485612,1
81016,2012-04-22,0.23592843,1
81017,2012-04-22,0.18501566,0
81018,2012-04-22,0.26391333,1
81019,2012-04-22,0.051378082,0
81020,2012-04-22,0.12141164,0
81021,2012-04-22,0.8230443,0
81022,2012-04-22,0.43019575,1
81023,2012-04-22,0.06645841,0
81024,2012-04-22,0.26641732,0
81025,2012-04-22,0.256003,0
81026,2012-04-22,0.55272895,1
81027,2012-04-22,0.56693405,0
81028,2012-04-22,0.07885599,0
81029,2012-04-22,0.40291932,0
81030,2012-04-22,0.57755536,0
81031,2012-04-22,0.36418968,1
81032,2012-04-22,0.11933408,0
81033,2012-04-22,0.28284466,0
81034,2012-04-22,0.13380018,1
81035,2012-04-22,0.24615037,0
81036,2012-04-22,0.22295251,0
81037,2012-04-22,0.5385967,1
81038,2012-04-22,0.4816931,1
81039,2012-04-22,0.37047437,0
81040,2012-04-22,0.435129,0
81041,2012-04-22,0.09046013,0
81042,2012-04-22,0.43551764,0
81043,2012-04-22,0.29742914,1
81044,2012-04-22,0.38513103,1
81045,2012-04-22,0.42447108,1
81046,2012-04-22,0.4472806,1
81047,2012-04-22,0.19089024,0
81048,2012-04-22,0.29242745,0
81049,2012-04-22,0.41191748,0
81050,2012-04-22,0.024852468,0
81051,2012-04-22,0.31358165,0
81052,2012-04-22,0.12769848,0
81053,2012-04-22,0.06975531,0
81054,2012-04-22,0.24813862,0
81055,2012-04-22,0.56292236,0
81056,2012-04-22,0.08078031,0
81057,2012-04-22,0.7003241,0
81058,2012-04-22,0.21497622,0
81059,2012-04-22,0.19810277,0
81060,2012-04-22,0.3904195,1
81061,2012-04-22,0.16899888,1
81062,2012-04-22,0.07188196,0
81063,2012-04-22,0.13352655,0
81064,2012-04-22,0.14737877,0
81065,2012-04-22,0.38682103,0
81066,2012-04-22,0.24739172,0
81067,2012-04-22,0.28940257,1
81068,2012-04-22,0.01312019,0
81069,2012-04-22,0.5288369,1
81070,2012-04-22,0.59893304,0
81071,2012-04-22,0.6175377,0
81072,2012-04-22,0.12857747,0
81073,2012-04-22,0.60807824,0
81074,2012-04-22,0.43614334,0
81075,2012-04-22,0.61640614,0
81076,2012-04-22,0.13640933,0
81077,2012-04-22,0.76984066,1
81078,2012-04-22,0.058991995,0
81079,2012-04-22,0.3058014,0
81080,2012-04-22,0.064130194,0
81081,2012-04-22,0.14955667,0
81082,2012-04-22,0.17681263,1
81083,2012-04-22,0.04653572,0
81084,2012-04-22,0.54526156,0
81085,2012-04-22,0.7265868,0
81086,2012-04-22,0.39397052,0
81087,2012-04-22,0.3612325,0
81088,2012-04-22,0.20134297,0
81089,2012-04-22,0.38964444,1
81090,2012-04-22,0.10961966,0
81091,2012-04-22,0.7465651,1
81092,2012-04-22,0.7254888,0
81093,2012-04-22,0.4603711,0
81094,2012-04-22,0.47984087,0
81095,2012-04-22,0.30763674,0
81096,2012-04-22,0.3693295,0
81097,2012-04-22,0.36932966,0
81098,2012-04-22,0.052437346,0
81099,2012-04-22,0.21358223,0
81100,2012-04-22,0.33277535,1
81101,2012-04-22,0.6203486,1
81102,2012-04-22,0.3395424,0
81103,2012-04-22,0.20387994,0
81104,2012-04-22,0.48613358,1
81105,2012-04-22,0.44257995,0
81106,2012-04-22,0.30800092,0
81107,2012-04-22,0.32296652,0
81108,2012-04-22,0.5079665,0
81109,2012-04-22,0.461446,1
81110,2012-04-22,0.5998533,1
81111,2012-04-22,0.26687405,0
81112,2012-04-22,0.25450853,1
81113,2012-04-22,0.15459706,0
81114,2012-04-22,0.13561252,1
81115,2012-04-22,0.37665403,0
81116,2012-04-22,0.16013542,0
81117,2012-04-22,0.2585465,0
81118,2012-04-22,0.082394905,0
81119,2012-04-22,0.55644345,0
81120,2012-04-22,0.017049536,0
81121,2012-04-22,0.8575503,1
81122,2012-04-22,0.42591462,0
81123,2012-04-22,0.3052409,1
81124,2012-04-22,0.14187571,0
81125,2012-04-22,0.7113844,0
81126,2012-04-22,0.3356095,0
81127,2012-04-22,0.08310457,0
81128,2012-04-22,0.5144277,1
81129,2012-04-22,0.61102605,0
81130,2012-04-22,0.6324735,1
81131,2012-04-22,0.2607249,0
81132,2012-04-22,0.7291174,0
81133,2012-04-22,0.6458975,0
81134,2012-04-22,0.6174061,0
81135,2012-04-22,0.7689428,1
81136,2012-04-22,0.6272131,1
81137,2012-04-22,0.17058334,0
81138,2012-04-22,0.6438611,0
81139,2012-04-22,0.14503883,1
81140,2012-04-22,0.6535449,0
81141,2012-04-22,0.5494356,0
81142,2012-04-22,0.3117792,0
81143,2012-04-22,0.3400933,0
81144,2012-04-22,0.06471163,0
81145,2012-04-22,0.08820158,1
81146,2012-04-22,0.6127615,0
81147,2012-04-22,0.4326741,1
81148,2012-04-22,0.095446624,1
81149,2012-04-22,0.42788464,1
81150,2012-04-22,0.6227304,0
81151,2012-04-22,0.05244409,0
81152,2012-04-22,0.24622558,1
81153,2012-04-22,0.5289238,0
81154,2012-04-23,0.20665905,1
81155,2012-04-23,0.14472336,1
81156,2012-04-23,0.17164592,0
81157,2012-04-23,0.22224794,1
81158,2012-04-23,0.48514736,1
81159,2012-04-23,0.4052537,1
81160,2012-04-23,0.40250322,0
81161,2012-04-23,0.05460255,0
81162,2012-04-23,0.14826782,0
81163,2012-04-23,0.8457624,0
81164,2012-04-23,0.20799528,0
81165,2012-04-23,0.29569805,0
81166,2012-04-23,0.55426866,0
81167,2012-04-23,0.06934508,0
81168,2012-04-23,0.41142893,0
81169,2012-04-23,0.17469561,1
81170,2012-04-23,0.3363747,1
81171,2012-04-23,0.719904,0
81172,2012-04-23,0.18745291,0
81173,2012-04-23,0.13360852,1
81174,2012-04-23,0.13938586,0
81175,2012-04-23,0.3320678,1
81176,2012-04-23,0.19302653,0
81177,2012-04-23,0.51597804,1
81178,2012-04-23,0.28809747,1
81179,2012-04-23,0.047458563,0
81180,2012-04-23,0.32188362,1
81181,2012-04-23,0.23359147,0
81182,2012-04-23,0.4095091,0
81183,2012-04-23,0.22230504,0
81184,2012-04-23,0.069941886,0
81185,2012-04-23,0.30957535,0
81186,2012-04-23,0.3374752,0
81187,2012-04-23,0.6302971,0
81188,2012-04-23,0.21554305,1
81189,2012-04-23,0.21149534,1
81190,2012-04-23,0.25840724,0
81191,2012-04-23,0.26200473,1
81192,2012-04-23,0.2368006,1
81193,2012-04-23,0.035317108,0
81194,2012-04-23,0.41191489,0
81195,2012-04-23,0.53942287,0
81196,2012-04-23,0.6830886,0
81197,2012-04-23,0.101152465,0
81198,2012-04-23,0.5744748,0
81199,2012-04-23,0.3791573,0
81200,2012-04-23,0.24198206,1
81201,2012-04-23,0.58605325,1
81202,2012-04-23,0.51041436,0
81203,2012-04-23,0.10634308,0
81204,2012-04-23,0.07828838,1
81205,2012-04-23,0.32781056,1
81206,2012-04-23,0.20759238,1
81207,2012-04-23,0.10493915,0
81208,2012-04-23,0.07507467,0
81209,2012-04-23,0.37089014,1
81210,2012-04-23,0.27196717,1
81211,2012-04-23,0.13210087,0
81212,2012-04-23,0.6892312,1
81213,2012-04-23,0.383693,0
81214,2012-04-23,0.54992497,1
81215,2012-04-23,0.24537489,1
81216,2012-04-23,0.20283389,0
81217,2012-04-23,0.10028431,0
81218,2012-04-23,0.686225,0
81219,2012-04-23,0.054349482,0
81220,2012-04-23,0.45346925,0
81221,2012-04-23,0.24204499,1
81222,2012-04-23,0.5080193,0
81223,2012-04-23,0.38621834,0
81224,2012-04-23,0.20654759,0
81225,2012-04-23,0.8236508,0
81226,2012-04-23,0.09918093,0
81227,2012-04-23,0.2570236,0
81228,2012-04-23,0.20797239,0
81229,2012-04-23,0.40720952,0
81230,2012-04-23,0.10942972,0
81231,2012-04-23,0.20092334,1
81232,2012-04-23,0.20200133,0
81233,2012-04-23,0.40391132,1
81234,2012-04-23,0.5559011,0
81235,2012-04-23,0.45184216,0
81236,2012-04-23,0.48684713,1
81237,2012-04-23,0.35669455,1
81238,2012-04-23,0.20916834,0
81239,2012-04-23,0.23452169,0
81240,2012-04-23,0.09369436,0
81241,2012-04-23,0.2856788,0
81242,2012-04-23,0.5012519,0
81243,2012-04-23,0.08713211,0
81244,2012-04-23,0.07498169,1
81245,2012-04-23,0.36120775,0
81246,2012-04-23,0.1734607,1
81247,2012-04-23,0.15539618,0
81248,2012-04-23,0.24583209,0
81249,2012-04-23,0.044862695,1
81250,2012-04-23,0.1368515,0
81251,2012-04-23,0.059653256,0
81252,2012-04-23,0.7180322,0
81253,2012-04-23,0.13820882,0
81254,2012-04-23,0.51138556,1
81255,2012-04-23,0.06253935,0
81256,2012-04-23,0.07412201,0
81257,2012-04-23,0.39996746,0
81258,2012-04-23,0.21701318,1
81259,2012-04-23,0.4442374,1
81260,2012-04-23,0.12891915,0
81261,2012-04-23,0.3722099,0
81262,2012-04-23,0.06033785,0
81263,2012-04-23,0.1675743,0
81264,2012-04-23,0.0814337,0
81265,2012-04-23,0.21389914,0
81266,2012-04-23,0.6258906,1
81267,2012-04-23,0.7082187,0
81268,2012-04-23,0.7987246,1
81269,2012-04-23,0.3452384,0
81270,2012-04-23,0.19196804,0
81271,2012-04-23,0.51915735,1
81272,2012-04-23,0.6627767,0
81273,2012-04-23,0.12356677,0
81274,2012-04-23,0.32313457,1
81275,2012-04-23,0.06490833,0
81276,2012-04-23,0.07809816,0
81277,2012-04-23,0.36602062,0
81278,2012-04-23,0.31750137,0
81279,2012-04-23,0.2052554,1
81280,2012-04-23,0.06330144,0
81281,2012-04-23,0.25768214,0
81282,2012-04-23,0.10395638,0
81283,2012-04-23,0.74992025,1
81284,2012-04-23,0.2939684,0
81285,2012-04-23,0.19867063,0
81286,2012-04-23,0.24019247,0
81287,2012-04-23,0.27939332,1
81288,2012-04-23,0.50490725,0
81289,2012-04-23,0.47402436,0
81290,2012-04-23,0.09341704,1
81291,2012-04-23,0.3017686,0
81292,2012-04-23,0.27677593,0
81293,2012-04-23,0.3247636,0
81294,2012-04-23,0.6854042,0
81295,2012-04-23,0.093551055,0
81296,2012-04-23,0.31583297,0
81297,2012-04-23,0.30270046,0
81298,2012-04-23,0.45745686,0
81299,2012-04-23,0.51895314,1
81300,2012-04-23,0.35957268,1
81301,2012-04-23,0.42486277,1
81302,2012-04-23,0.10904503,1
81303,2012-04-23,0.18609351,0
81304,2012-04-23,0.105387785,0
81305,2012-04-23,0.16306582,0
81306,2012-04-23,0.7165601,1
81307,2012-04-23,0.4232009,0
81308,2012-04-23,0.48389578,1
81309,2012-04-23,0.6566711,0
81310,2012-04-23,0.0150154885,0
81311,2012-04-23,0.64093626,0
81312,2012-04-23,0.5203131,1
81313,2012-04-23,0.43661913,1
81314,2012-04-23,0.8026322,1
81315,2012-04-23,0.19923468,0
81316,2012-04-23,0.1469986,0
81317,2012-04-23,0.63363755,0
81318,2012-04-23,0.06780201,0
81319,2012-04-23,0.69267315,1
81320,2012-04-23,0.6618468,0
81321,2012-04-23,0.25752002,1
81322,2012-04-23,0.20655552,0
81323,2012-04-23,0.083080865,0
81324,2012-04-23,0.20478109,0
81325,2012-04-23,0.13523316,0
81326,2012-04-23,0.52913254,1
81327,2012-04-23,0.10354852,0
81328,2012-04-23,0.042646907,1
81329,2012-04-23,0.6197659,1
81330,2012-04-23,0.30092275,0
81331,2012-04-23,0.61602753,1
81332,2012-04-23,0.30197933,1
81333,2012-04-23,0.5432704,1
81334,2012-04-23,0.20747028,0
81335,2012-04-23,0.28190348,0
81336,2012-04-23,0.21404333,1
81337,2012-04-23,0.04687648,0
81338,2012-04-23,0.04169215,0
81339,2012-04-23,0.219114,0
81340,2012-04-23,0.09826744,0
81341,2012-04-23,0.043265738,0
81342,2012-04-23,0.30362576,0
81343,2012-04-23,0.39327002,0
81344,2012-04-23,0.7471302,1
81345,2012-04-23,0.571085,1
81346,2012-04-23,0.035869338,1
81347,2012-04-23,0.14683253,0
81348,2012-04-23,0.24840753,1
81349,2012-04-23,0.22102109,1
81350,2012-04-23,0.05102532,0
81351,2012-04-23,0.53203434,0
81352,2012-04-23,0.06297863,0
81353,2012-04-23,0.07846145,1
81354,2012-04-23,0.08609402,0
81355,2012-04-23,0.06223294,0
81356,2012-04-23,0.25085506,0
81357,2012-04-23,0.41767317,0
81358,2012-04-23,0.54988176,1
81359,2012-04-23,0.31007102,0
81360,2012-04-23,0.27422103,0
81361,2012-04-23,0.5873564,1
81362,2012-04-23,0.5103341,1
81363,2012-04-23,0.008250096,0
81364,2012-04-23,0.24044704,0
81365,2012-04-23,0.28410283,0
81366,2012-04-23,0.14773124,0
81367,2012-04-23,0.15787116,0
81368,2012-04-23,0.24350576,0
81369,2012-04-23,0.1880612,0
81370,2012-04-23,0.25088608,0
81371,2012-04-23,0.15212017,0
81372,2012-04-23,0.5128459,1
81373,2012-04-23,0.0678646,0
81374,2012-04-23,0.105306715,0
81375,2012-04-23,0.32786307,1
81376,2012-04-23,0.15712205,1
81377,2012-04-23,0.15969872,0
81378,2012-04-23,0.49068278,1
81379,2012-04-23,0.30440348,0
81380,2012-04-23,0.5074488,0
81381,2012-04-23,0.014651492,0
81382,2012-04-23,0.2308493,1
81383,2012-04-23,0.53732777,1
81384,2012-04-23,0.076981016,0
81385,2012-04-23,0.2475862,0
81386,2012-04-23,0.7375175,0
81387,2012-04-23,0.2206864,1
81388,2012-04-23,0.32517034,0
81389,2012-04-23,0.1606092,0
81390,2012-04-23,0.14475629,1
81391,2012-04-23,0.063457444,0
81392,2012-04-23,0.27231753,1
81393,2012-04-23,0.13306585,1
81394,2012-04-23,0.09159892,0
81395,2012-04-23,0.26343244,0
81396,2012-04-23,0.09115739,0
81397,2012-04-23,0.114159875,1
81398,2012-04-23,0.5095218,1
81399,2012-04-23,0.1294536,0
81400,2012-04-23,0.116752535,0
81401,2012-04-23,0.20819232,0
81402,2012-04-23,0.1280571,0
81403,2012-04-23,0.605677,0
81404,2012-04-23,0.28558376,0
81405,2012-04-23,0.3321719,1
81406,2012-04-23,0.46341345,1
81407,2012-04-23,0.058592115,0
81408,2012-04-23,0.07006545,1
81409,2012-04-23,0.133054,0
81410,2012-04-23,0.12973997,1
81411,2012-04-23,0.21148716,0
81412,2012-04-23,0.0977303,0
81413,2012-04-23,0.262356,1
81414,2012-04-23,0.6624405,0
81415,2012-04-23,0.16314667,0
81416,2012-04-23,0.6720892,1
81417,2012-04-23,0.38638604,1
81418,2012-04-23,0.20647337,0
81419,2012-04-23,0.80915934,1
81420,2012-04-23,0.31828043,1
81421,2012-04-23,0.11514065,0
81422,2012-04-23,0.6214801,1
81423,2012-04-23,0.031283483,0
81424,2012-04-23,0.49546248,1
81425,2012-04-23,0.12986709,0
81426,2012-04-24,0.24123973,0
81427,2012-04-24,0.41200134,1
81428,2012-04-24,0.38279068,0
81429,2012-04-24,0.70397353,0
81430,2012-04-24,0.5037625,1
81431,2012-04-24,0.3335792,0
81432,2012-04-24,0.31835404,1
81433,2012-04-24,0.35958588,0
81434,2012-04-24,0.43726742,0
81435,2012-04-24,0.6455881,1
81436,2012-04-24,0.67590845,1
81437,2012-04-24,0.0965408,0
81438,2012-04-24,0.3581723,0
81439,2012-04-24,0.15684742,0
81440,2012-04-24,0.83568555,0
81441,2012-04-24,0.21826981,1
81442,2012-04-24,0.6886577,1
81443,2012-04-24,0.2061327,0
81444,2012-04-24,0.55686206,1
81445,2012-04-24,0.20982262,0
81446,2012-04-24,0.04454939,0
81447,2012-04-24,0.4173176,0
81448,2012-04-24,0.3940432,0
81449,2012-04-24,0.5008325,0
81450,2012-04-24,0.46498787,0
81451,2012-04-24,0.02998915,0
81452,2012-04-24,0.16467083,0
81453,2012-04-24,0.73279566,0
81454,2012-04-24,0.25895008,1
81455,2012-04-24,0.52191025,1
81456,2012-04-24,0.45559695,0
81457,2012-04-24,0.68061453,0
81458,2012-04-24,0.43954384,0
81459,2012-04-24,0.21996482,0
81460,2012-04-24,0.2496121,1
81461,2012-04-24,0.17078772,0
81462,2012-04-24,0.5149259,1
81463,2012-04-24,0.123189226,0
81464,2012-04-24,0.21418521,0
81465,2012-04-24,0.26796535,0
81466,2012-04-24,0.116930604,0
81467,2012-04-24,0.14330094,1
81468,2012-04-24,0.4889508,0
81469,2012-04-24,0.62145597,0
81470,2012-04-24,0.49944136,0
81471,2012-04-24,0.5319966,0
81472,2012-04-24,0.054863304,0
81473,2012-04-24,0.39014837,0
81474,2012-04-24,0.050944105,0
81475,2012-04-24,0.3665477,1
81476,2012-04-24,0.6894394,0
81477,2012-04-24,0.09487087,0
81478,2012-04-24,0.25019163,0
81479,2012-04-24,0.1387486,0
81480,2012-04-24,0.63654,0
81481,2012-04-24,0.34918275,0
81482,2012-04-24,0.8466582,0
81483,2012-04-24,0.69794405,1
81484,2012-04-24,0.14418021,0
81485,2012-04-24,0.5166743,0
81486,2012-04-24,0.37401947,1
81487,2012-04-24,0.05779974,0
81488,2012-04-24,0.502123,1
81489,2012-04-24,0.33149508,0
81490,2012-04-24,0.45906076,0
81491,2012-04-24,0.15085198,1
81492,2012-04-24,0.42981416,0
81493,2012-04-24,0.1414886,0
81494,2012-04-24,0.35159618,0
81495,2012-04-24,0.054975018,0
81496,2012-04-24,0.46761525,1
81497,2012-04-24,0.2957175,1
81498,2012-04-24,0.3710374,0
81499,2012-04-24,0.6451609,0
81500,2012-04-24,0.21614966,0
81501,2012-04-24,0.54912674,1
81502,2012-04-24,0.06982469,0
81503,2012-04-24,0.44178975,0
81504,2012-04-24,0.3100426,1
81505,2012-04-24,0.6360988,1
81506,2012-04-24,0.23486322,1
81507,2012-04-24,0.3745577,0
81508,2012-04-24,0.16962741,0
81509,2012-04-24,0.1520267,0
81510,2012-04-24,0.20269808,0
81511,2012-04-24,0.5954982,1
81512,2012-04-24,0.4531374,0
81513,2012-04-24,0.8322672,0
81514,2012-04-24,0.5109204,0
81515,2012-04-24,0.11412106,0
81516,2012-04-24,0.4267765,0
81517,2012-04-24,0.14144553,0
81518,2012-04-24,0.10083128,1
81519,2012-04-24,0.6128045,1
81520,2012-04-24,0.10493434,1
81521,2012-04-24,0.07310922,0
81522,2012-04-24,0.026812715,0
81523,2012-04-24,0.37754795,0
81524,2012-04-24,0.26425642,0
81525,2012-04-24,0.11373766,0
81526,2012-04-24,0.21618688,1
81527,2012-04-25,0.26711902,0
81528,2012-04-25,0.09945742,0
81529,2012-04-25,0.26838073,0
81530,2012-04-25,0.10996396,0
81531,2012-04-25,0.6190898,1
81532,2012-04-25,0.32415906,0
81533,2012-04-25,0.46596596,0
81534,2012-04-25,0.16554223,0
81535,2012-04-25,0.22788873,0
81536,2012-04-25,0.75910264,0
81537,2012-04-25,0.39084542,0
81538,2012-04-25,0.14140825,0
81539,2012-04-25,0.22670707,0
81540,2012-04-25,0.57483435,0
81541,2012-04-25,0.38737473,1
81542,2012-04-25,0.06177494,0
81543,2012-04-25,0.3014956,1
81544,2012-04-25,0.34552714,1
81545,2012-04-25,0.19850379,0
81546,2012-04-25,0.38255507,0
81547,2012-04-25,0.10764138,1
81548,2012-04-25,0.36921045,0
81549,2012-04-25,0.65382785,1
81550,2012-04-25,0.44862792,0
81551,2012-04-25,0.38335124,0
81552,2012-04-25,0.16237749,0
81553,2012-04-25,0.13527417,0
81554,2012-04-25,0.40724608,1
81555,2012-04-25,0.33246973,0
81556,2012-04-25,0.18644911,0
81557,2012-04-25,0.43399915,0
81558,2012-04-25,0.27077717,1
81559,2012-04-25,0.05923638,1
81560,2012-04-25,0.040159542,0
81561,2012-04-25,0.47295073,1
81562,2012-04-25,0.07451538,0
81563,2012-04-25,0.020052707,0
81564,2012-04-25,0.29331884,0
81565,2012-04-25,0.4900666,0
81566,2012-04-25,0.15482631,0
81567,2012-04-25,0.30178222,0
81568,2012-04-25,0.57041126,0
81569,2012-04-25,0.482679,0
81570,2012-04-25,0.08734706,1
81571,2012-04-25,0.8260666,1
81572,2012-04-25,0.7626246,1
81573,2012-04-25,0.15728065,0
81574,2012-04-25,0.48372054,1
81575,2012-04-25,0.83744884,1
81576,2012-04-25,0.18850176,0
81577,2012-04-25,0.77604103,1
81578,2012-04-25,0.12005144,0
81579,2012-04-25,0.44703332,1
81580,2012-04-25,0.048763048,0
81581,2012-04-25,0.59350115,0
81582,2012-04-25,0.04684354,0
81583,2012-04-25,0.5822013,0
81584,2012-04-25,0.06620819,0
81585,2012-04-25,0.14072052,0
81586,2012-04-25,0.35097894,0
81587,2012-04-25,0.08689889,0
81588,2012-04-25,0.44868132,0
81589,2012-04-25,0.03221811,0
81590,2012-04-25,0.8153967,1
81591,2012-04-25,0.23500487,1
81592,2012-04-25,0.3748881,0
81593,2012-04-25,0.81276834,1
81594,2012-04-25,0.21428981,0
81595,2012-04-25,0.28699172,1
81596,2012-04-25,0.16051456,0
81597,2012-04-25,0.2129011,0
81598,2012-04-25,0.3877084,0
81599,2012-04-25,0.35187986,1
81600,2012-04-25,0.027810765,0
81601,2012-04-25,0.56603557,1
81602,2012-04-25,0.07416876,0
81603,2012-04-25,0.15086803,1
81604,2012-04-25,0.5193038,0
81605,2012-04-25,0.39190182,1
81606,2012-04-25,0.75033087,0
81607,2012-04-25,0.14870647,0
81608,2012-04-25,0.51692784,1
81609,2012-04-25,0.06467138,1
81610,2012-04-25,0.14740594,0
81611,2012-04-25,0.08963564,0
81612,2012-04-25,0.21655227,0
81613,2012-04-25,0.17832123,1
81614,2012-04-25,0.13982429,1
81615,2012-04-25,0.49700296,0
81616,2012-04-25,0.19390039,0
81617,2012-04-25,0.27062717,0
81618,2012-04-25,0.04525272,1
81619,2012-04-25,0.12612097,0
81620,2012-04-25,0.6087932,0
81621,2012-04-25,0.22137888,1
81622,2012-04-25,0.22807258,1
81623,2012-04-25,0.82796395,0
81624,2012-04-25,0.47753254,0
81625,2012-04-25,0.073790625,0
81626,2012-04-25,0.2013959,0
81627,2012-04-25,0.7201704,0
81628,2012-04-25,0.37835276,1
81629,2012-04-25,0.60208,0
81630,2012-04-25,0.58411145,0
81631,2012-04-25,0.16811578,0
81632,2012-04-25,0.7026257,1
81633,2012-04-25,0.39908475,1
81634,2012-04-25,0.23710795,0
81635,2012-04-25,0.15425207,1
81636,2012-04-25,0.6312842,0
81637,2012-04-25,0.4020407,1
81638,2012-04-25,0.018254222,0
81639,2012-04-25,0.4962237,0
81640,2012-04-25,0.58853316,1
81641,2012-04-25,0.32421994,0
81642,2012-04-25,0.53396827,0
81643,2012-04-25,0.27004823,0
81644,2012-04-25,0.55957776,0
81645,2012-04-25,0.23677118,0
81646,2012-04-25,0.13242659,0
81647,2012-04-25,0.5620033,0
81648,2012-04-25,0.14519998,0
81649,2012-04-25,0.5484286,0
81650,2012-04-25,0.22315255,0
81651,2012-04-25,0.33059973,0
81652,2012-04-25,0.06418445,0
81653,2012-04-25,0.1358127,1
81654,2012-04-25,0.022272252,0
81655,2012-04-25,0.46500364,0
81656,2012-04-25,0.3571416,0
81657,2012-04-25,0.6889566,0
81658,2012-04-25,0.2216082,1
81659,2012-04-25,0.32494316,0
81660,2012-04-25,0.10741393,0
81661,2012-04-25,0.32491025,0
81662,2012-04-25,0.36353582,0
81663,2012-04-25,0.5216512,1
81664,2012-04-25,0.5385321,1
81665,2012-04-25,0.12018092,0
81666,2012-04-25,0.5677082,1
81667,2012-04-25,0.77420396,0
81668,2012-04-25,0.18657473,0
81669,2012-04-25,0.62465936,0
81670,2012-04-25,0.13377929,0
81671,2012-04-26,0.2934144,0
81672,2012-04-26,0.57136166,0
81673,2012-04-26,0.46160462,0
81674,2012-04-26,0.14588417,0
81675,2012-04-26,0.18060215,0
81676,2012-04-26,0.60194093,1
81677,2012-04-26,0.47159886,0
81678,2012-04-26,0.16433279,1
81679,2012-04-26,0.062080637,0
81680,2012-04-26,0.25976473,0
81681,2012-04-26,0.24336527,0
81682,2012-04-26,0.09137486,0
81683,2012-04-26,0.3531296,0
81684,2012-04-26,0.80296284,1
81685,2012-04-26,0.47931495,0
81686,2012-04-26,0.03538877,0
81687,2012-04-26,0.28516042,1
81688,2012-04-26,0.109140664,0
81689,2012-04-26,0.20312747,0
81690,2012-04-26,0.62985224,1
81691,2012-04-26,0.2769426,1
81692,2012-04-26,0.0892956,0
81693,2012-04-26,0.14469025,1
81694,2012-04-26,0.15917106,0
81695,2012-04-26,0.31143838,0
81696,2012-04-26,0.6661898,0
81697,2012-04-26,0.13228467,1
81698,2012-04-26,0.38027066,0
81699,2012-04-26,0.59719056,0
81700,2012-04-26,0.3454354,0
81701,2012-04-26,0.67305326,0
81702,2012-04-26,0.0557172,0
81703,2012-04-26,0.4343682,1
81704,2012-04-26,0.15341815,1
81705,2012-04-26,0.38128233,1
81706,2012-04-26,0.27315074,1
81707,2012-04-26,0.41594315,0
81708,2012-04-26,0.47328043,0
81709,2012-04-26,0.7011309,0
81710,2012-04-26,0.08999532,0
81711,2012-04-26,0.0447228,0
81712,2012-04-26,0.33483836,0
81713,2012-04-26,0.20669404,0
81714,2012-04-26,0.08245722,0
81715,2012-04-26,0.15492284,1
81716,2012-04-26,0.09741931,1
81717,2012-04-26,0.09573696,0
81718,2012-04-26,0.13310167,0
81719,2012-04-26,0.47368944,1
81720,2012-04-26,0.3602988,0
81721,2012-04-26,0.28374624,0
81722,2012-04-26,0.28427652,0
81723,2012-04-26,0.23567742,0
81724,2012-04-26,0.1296875,0
81725,2012-04-26,0.2833331,0
81726,2012-04-26,0.028629236,0
81727,2012-04-26,0.09650552,0
81728,2012-04-26,0.12932944,0
81729,2012-04-26,0.09796358,0
81730,2012-04-26,0.32819927,0
81731,2012-04-26,0.22792263,0
81732,2012-04-26,0.27388632,0
81733,2012-04-26,0.6932598,0
81734,2012-04-26,0.9003729,1
81735,2012-04-26,0.36407003,0
81736,2012-04-26,0.31387472,0
81737,2012-04-26,0.37339485,0
81738,2012-04-26,0.5211621,0
81739,2012-04-26,0.10286122,0
81740,2012-04-26,0.2963094,1
81741,2012-04-26,0.063650675,1
81742,2012-04-26,0.5746258,0
81743,2012-04-26,0.6792772,1
81744,2012-04-26,0.78391695,1
81745,2012-04-26,0.13396572,1
81746,2012-04-26,0.27558228,0
81747,2012-04-26,0.33616436,0
81748,2012-04-26,0.2773341,1
81749,2012-04-26,0.15341307,0
81750,2012-04-26,0.36845824,0
81751,2012-04-26,0.5114556,0
81752,2012-04-26,0.14864822,0
81753,2012-04-26,0.15395404,0
81754,2012-04-26,0.41305986,0
81755,2012-04-26,0.6806255,1
81756,2012-04-26,0.61082083,0
81757,2012-04-26,0.43709844,0
81758,2012-04-26,0.3585058,0
81759,2012-04-26,0.13452117,1
81760,2012-04-26,0.55857635,0
81761,2012-04-26,0.09007173,0
81762,2012-04-26,0.11545735,0
81763,2012-04-26,0.23785394,1
81764,2012-04-26,0.42906427,0
81765,2012-04-26,0.6677105,1
81766,2012-04-26,0.3041147,0
81767,2012-04-26,0.101932794,1
81768,2012-04-26,0.2916186,0
81769,2012-04-26,0.40286872,0
81770,2012-04-26,0.77692336,0
81771,2012-04-26,0.52861464,1
81772,2012-04-26,0.5731322,0
81773,2012-04-26,0.17042448,1
81774,2012-04-26,0.30651888,0
81775,2012-04-26,0.23470615,0
81776,2012-04-26,0.42025504,0
81777,2012-04-26,0.4861929,0
81778,2012-04-26,0.18345167,0
81779,2012-04-26,0.08462673,1
81780,2012-04-26,0.87504524,0
81781,2012-04-26,0.11328719,0
81782,2012-04-26,0.08294992,0
81783,2012-04-26,0.47844312,0
81784,2012-04-26,0.3927308,0
81785,2012-04-26,0.6024996,0
81786,2012-04-26,0.50059104,0
81787,2012-04-26,0.3019626,0
81788,2012-04-26,0.39627436,1
81789,2012-04-26,0.29058892,1
81790,2012-04-26,0.087395765,0
81791,2012-04-26,0.111435704,0
81792,2012-04-26,0.45835972,0
81793,2012-04-26,0.37651855,1
81794,2012-04-26,0.08117144,1
81795,2012-04-26,0.14445037,0
81796,2012-04-26,0.052869808,1
81797,2012-04-26,0.5215308,0
81798,2012-04-26,0.43463704,0
81799,2012-04-26,0.104276955,0
81800,2012-04-26,0.29887447,0
81801,2012-04-26,0.5945666,0
81802,2012-04-26,0.12829404,0
81803,2012-04-26,0.22244836,0
81804,2012-04-26,0.47554833,1
81805,2012-04-26,0.04480464,0
81806,2012-04-26,0.28426272,0
81807,2012-04-27,0.117830396,1
81808,2012-04-27,0.48782304,0
81809,2012-04-27,0.33451125,0
81810,2012-04-27,0.56090915,0
81811,2012-04-27,0.09412127,0
81812,2012-04-27,0.24962413,0
81813,2012-04-27,0.13622405,1
81814,2012-04-27,0.48774412,0
81815,2012-04-27,0.3099836,0
81816,2012-04-27,0.12785056,1
81817,2012-04-27,0.75655997,1
81818,2012-04-27,0.6496334,0
81819,2012-04-27,0.59185505,0
81820,2012-04-27,0.56437767,1
81821,2012-04-27,0.07082635,0
81822,2012-04-27,0.06087379,0
81823,2012-04-27,0.19222844,0
81824,2012-04-27,0.41299856,0
81825,2012-04-27,0.28673166,0
81826,2012-04-27,0.42074665,0
81827,2012-04-27,0.37395555,1
81828,2012-04-27,0.10914755,0
81829,2012-04-27,0.14722031,0
81830,2012-04-27,0.24231844,0
81831,2012-04-27,0.15152273,0
81832,2012-04-27,0.23313397,0
81833,2012-04-27,0.3317957,0
81834,2012-04-27,0.6384788,1
81835,2012-04-27,0.36737776,0
81836,2012-04-27,0.48710677,0
81837,2012-04-27,0.48385257,0
81838,2012-04-27,0.084237784,1
81839,2012-04-27,0.105726495,0
81840,2012-04-27,0.21621996,0
81841,2012-04-27,0.42080584,1
81842,2012-04-27,0.30105382,0
81843,2012-04-27,0.15484692,0
81844,2012-04-27,0.2588087,0
81845,2012-04-27,0.10592387,0
81846,2012-04-27,0.15985763,0
81847,2012-04-27,0.10897576,0
81848,2012-04-27,0.16564825,0
81849,2012-04-27,0.36619464,1
81850,2012-04-27,0.39308447,0
81851,2012-04-27,0.04763964,0
81852,2012-04-27,0.8422283,0
81853,2012-04-27,0.10573229,1
81854,2012-04-27,0.5106532,1
81855,2012-04-27,0.5067288,0
81856,2012-04-27,0.36117145,0
81857,2012-04-27,0.19366437,1
81858,2012-04-27,0.64764494,1
81859,2012-04-27,0.3490074,1
81860,2012-04-27,0.33468747,0
81861,2012-04-27,0.26286045,0
81862,2012-04-27,0.49192593,1
81863,2012-04-27,0.532189,0
81864,2012-04-27,0.5394481,0
81865,2012-04-27,0.01087074,0
81866,2012-04-27,0.27991667,0
81867,2012-04-27,0.09776763,1
81868,2012-04-27,0.21118543,1
81869,2012-04-27,0.6193609,0
81870,2012-04-27,0.40741324,0
81871,2012-04-27,0.32571653,1
81872,2012-04-27,0.53557783,0
81873,2012-04-27,0.27691996,0
81874,2012-04-27,0.09034189,1
81875,2012-04-27,0.069217324,0
81876,2012-04-27,0.2904876,0
81877,2012-04-27,0.32676625,0
81878,2012-04-27,0.43764055,0
81879,2012-04-27,0.12322768,0
81880,2012-04-28,0.2908062,1
81881,2012-04-28,0.14769827,1
81882,2012-04-28,0.44628564,0
81883,2012-04-28,0.06629424,0
81884,2012-04-28,0.124371484,0
81885,2012-04-28,0.08413644,0
81886,2012-04-28,0.25126955,1
81887,2012-04-28,0.13628416,0
81888,2012-04-28,0.5134823,1
81889,2012-04-28,0.052044585,0
81890,2012-04-28,0.2727486,0
81891,2012-04-28,0.31528068,0
81892,2012-04-28,0.5908292,1
81893,2012-04-28,0.52584016,1
81894,2012-04-28,0.6293587,1
81895,2012-04-28,0.25286794,0
81896,2012-04-28,0.019526063,0
81897,2012-04-28,0.28661484,0
81898,2012-04-28,0.29829666,1
81899,2012-04-28,0.5486784,1
81900,2012-04-28,0.29242772,0
81901,2012-04-28,0.15254799,0
81902,2012-04-28,0.6815735,0
81903,2012-04-28,0.17143844,1
81904,2012-04-28,0.07396958,0
81905,2012-04-28,0.18211906,0
81906,2012-04-28,0.2364581,0
81907,2012-04-28,0.30694625,0
81908,2012-04-28,0.60455143,1
81909,2012-04-28,0.6456863,0
81910,2012-04-28,0.1199082,0
81911,2012-04-28,0.19886696,1
81912,2012-04-28,0.17779942,0
81913,2012-04-28,0.09249332,1
81914,2012-04-28,0.53457725,0
81915,2012-04-28,0.03519154,0
81916,2012-04-28,0.1876643,0
81917,2012-04-28,0.29138508,1
81918,2012-04-28,0.16497847,0
81919,2012-04-28,0.13395222,0
81920,2012-04-28,0.47147036,0
81921,2012-04-28,0.28067684,1
81922,2012-04-28,0.093633726,0
81923,2012-04-28,0.22061007,0
81924,2012-04-28,0.05634722,0
81925,2012-04-28,0.14743578,0
81926,2012-04-28,0.17403944,0
81927,2012-04-28,0.056299556,0
81928,2012-04-28,0.38936087,0
81929,2012-04-28,0.077239804,0
81930,2012-04-28,0.35007134,0
81931,2012-04-28,0.09736016,1
81932,2012-04-28,0.19864778,0
81933,2012-04-28,0.34271708,0
81934,2012-04-28,0.6381978,0
81935,2012-04-28,0.13369997,0
81936,2012-04-28,0.3509434,0
81937,2012-04-28,0.15928479,0
81938,2012-04-28,0.30174917,0
81939,2012-04-28,0.44919428,0
81940,2012-04-28,0.7202979,1
81941,2012-04-28,0.10255459,0
81942,2012-04-28,0.36462557,0
81943,2012-04-28,0.09892604,1
81944,2012-04-28,0.3169298,0
81945,2012-04-28,0.303056,1
81946,2012-04-28,0.14421836,0
81947,2012-04-28,0.1705278,0
81948,2012-04-28,0.3269012,0
81949,2012-04-28,0.6977419,1
81950,2012-04-28,0.5715002,1
81951,2012-04-28,0.7829495,0
81952,2012-04-28,0.12425746,1
81953,2012-04-28,0.1219516,0
81954,2012-04-28,0.23375762,1
81955,2012-04-28,0.1306066,0
81956,2012-04-28,0.51507324,0
81957,2012-04-28,0.2949436,0
81958,2012-04-28,0.16590041,0
81959,2012-04-28,0.38731942,1
81960,2012-04-28,0.72218657,0
81961,2012-04-28,0.40440962,0
81962,2012-04-28,0.82250094,1
81963,2012-04-28,0.4071064,0
81964,2012-04-28,0.3022959,0
81965,2012-04-28,0.07803901,0
81966,2012-04-28,0.06540059,0
81967,2012-04-28,0.33451262,1
81968,2012-04-28,0.60269517,1
81969,2012-04-28,0.14709555,0
81970,2012-04-28,0.27653384,1
81971,2012-04-28,0.09305481,0
81972,2012-04-28,0.2893103,1
81973,2012-04-28,0.17458056,0
81974,2012-04-28,0.10654859,0
81975,2012-04-28,0.36094975,0
81976,2012-04-28,0.4892182,0
81977,2012-04-28,0.55607307,0
81978,2012-04-28,0.4876195,0
81979,2012-04-28,0.06036198,1
81980,2012-04-28,0.18166485,0
81981,2012-04-28,0.2996088,0
81982,2012-04-29,0.26334897,0
81983,2012-04-29,0.41324845,1
81984,2012-04-29,0.08011164,0
81985,2012-04-29,0.31344488,0
81986,2012-04-29,0.39957076,0
81987,2012-04-29,0.08051159,0
81988,2012-04-29,0.29273853,1
81989,2012-04-29,0.37441286,0
81990,2012-04-29,0.8682534,1
81991,2012-04-29,0.25309163,0
81992,2012-04-29,0.44813046,0
81993,2012-04-29,0.0788548,0
81994,2012-04-29,0.4556531,1
81995,2012-04-29,0.10194838,0
81996,2012-04-29,0.20266846,1
81997,2012-04-29,0.44818678,1
81998,2012-04-29,0.20597708,0
81999,2012-04-29,0.42438656,1
82000,2012-04-29,0.18372834,0
82001,2012-04-29,0.24671698,0
82002,2012-04-29,0.22777018,1
82003,2012-04-29,0.20029561,1
82004,2012-04-29,0.31328258,0
82005,2012-04-29,0.69058704,1
82006,2012-04-29,0.23980902,0
82007,2012-04-29,0.22681165,1
82008,2012-04-29,0.72272176,0
82009,2012-04-29,0.430526,1
82010,2012-04-29,0.2028922,1
82011,2012-04-29,0.1504129,0
82012,2012-04-29,0.51841193,0
82013,2012-04-29,0.20308693,1
82014,2012-04-29,0.085004054,0
82015,2012-04-29,0.35811952,0
82016,2012-04-29,0.3984394,1
82017,2012-04-29,0.2195967,1
82018,2012-04-29,0.17141147,0
82019,2012-04-29,0.17769127,0
82020,2012-04-29,0.034744516,0
82021,2012-04-29,0.3101014,1
82022,2012-04-29,0.2524514,0
82023,2012-04-29,0.83561575,1
82024,2012-04-29,0.37730905,1
82025,2012-04-29,0.8574445,0
82026,2012-04-29,0.5200392,1
82027,2012-04-29,0.6083211,1
82028,2012-04-29,0.4555557,0
82029,2012-04-29,0.39943987,0
82030,2012-04-29,0.43248728,0
82031,2012-04-29,0.39924967,1
82032,2012-04-29,0.24425979,0
82033,2012-04-29,0.021941096,0
82034,2012-04-29,0.069551356,0
82035,2012-04-29,0.3187297,0
82036,2012-04-29,0.13627261,0
82037,2012-04-29,0.583437,1
82038,2012-04-29,0.38598526,0
82039,2012-04-29,0.17010844,0
82040,2012-04-29,0.08284365,0
82041,2012-04-29,0.26044944,1
82042,2012-04-29,0.21319783,0
82043,2012-04-29,0.3224809,0
82044,2012-04-29,0.20410834,0
82045,2012-04-29,0.042728577,0
82046,2012-04-29,0.3615288,1
82047,2012-04-29,0.042347837,1
82048,2012-04-29,0.37281612,1
82049,2012-04-29,0.068215415,0
82050,2012-04-29,0.5195831,1
82051,2012-04-29,0.5935963,0
82052,2012-04-29,0.33497366,1
82053,2012-04-29,0.66115284,1
82054,2012-04-29,0.8369148,1
82055,2012-04-29,0.33349487,0
82056,2012-04-29,0.33161467,0
82057,2012-04-29,0.32752383,0
82058,2012-04-29,0.3067317,1
82059,2012-04-29,0.18452257,0
82060,2012-04-30,0.25354955,0
82061,2012-04-30,0.13349134,0
82062,2012-04-30,0.124255955,0
82063,2012-04-30,0.3797499,0
82064,2012-04-30,0.10292862,0
82065,2012-04-30,0.08108483,0
82066,2012-04-30,0.47046947,0
82067,2012-04-30,0.10348431,0
82068,2012-04-30,0.23793678,0
82069,2012-04-30,0.21751685,0
82070,2012-04-30,0.18185298,0
82071,2012-04-30,0.29070652,0
82072,2012-04-30,0.5398388,0
82073,2012-04-30,0.49200428,0
82074,2012-04-30,0.12935264,0
82075,2012-04-30,0.022890212,0
82076,2012-04-30,0.060159106,0
82077,2012-04-30,0.71422654,1
82078,2012-04-30,0.29836375,1
82079,2012-04-30,0.24066743,0
82080,2012-04-30,0.036353447,0
82081,2012-04-30,0.32529795,0
82082,2012-04-30,0.3191005,0
82083,2012-04-30,0.35469243,1
82084,2012-04-30,0.3568244,1
82085,2012-04-30,0.18754587,0
82086,2012-04-30,0.14220265,0
82087,2012-04-30,0.25176904,1
82088,2012-04-30,0.18522838,0
82089,2012-04-30,0.047271647,0
82090,2012-04-30,0.13465133,1
82091,2012-04-30,0.64448404,1
82092,2012-04-30,0.24027812,0
82093,2012-04-30,0.36011907,0
82094,2012-04-30,0.40267393,0
82095,2012-04-30,0.085125476,1
82096,2012-04-30,0.060190607,1
82097,2012-04-30,0.63555646,0
82098,2012-04-30,0.16920108,0
82099,2012-04-30,0.0825393,0
82100,2012-04-30,0.40331957,0
82101,2012-04-30,0.1078476,0
82102,2012-04-30,0.6941886,1
82103,2012-04-30,0.37333307,1
82104,2012-04-30,0.035835434,0
82105,2012-04-30,0.42884278,0
82106,2012-04-30,0.5558337,1
82107,2012-04-30,0.35701787,0
82108,2012-04-30,0.49915576,1
82109,2012-04-30,0.09277644,0
82110,2012-04-30,0.26380837,1
82111,2012-04-30,0.25879097,0
82112,2012-04-30,0.18730341,0
82113,2012-04-30,0.20627539,1
82114,2012-04-30,0.057374783,0
82115,2012-04-30,0.7556474,0
82116,2012-04-30,0.12728477,1
82117,2012-04-30,0.27881515,0
82118,2012-04-30,0.07463438,0
82119,2012-04-30,0.16209553,0
82120,2012-04-30,0.319338,0
82121,2012-04-30,0.42013413,0
82122,2012-04-30,0.1722396,1
82123,2012-04-30,0.5428505,0
82124,2012-04-30,0.12196596,0
82125,2012-04-30,0.8112306,1
82126,2012-04-30,0.2809971,1
82127,2012-04-30,0.45346534,0
82128,2012-04-30,0.4150568,1
82129,2012-04-30,0.074621156,0
82130,2012-04-30,0.26838318,1
82131,2012-04-30,0.52703863,1
82132,2012-04-30,0.29157954,1
82133,2012-04-30,0.102488145,0
82134,2012-04-30,0.19118042,0
82135,2012-04-30,0.58895063,1
82136,2012-04-30,0.1792975,0
82137,2012-04-30,0.31536785,1
82138,2012-04-30,0.55273944,1
82139,2012-04-30,0.16850676,0
82140,2012-04-30,0.21974914,0
82141,2012-04-30,0.26238608,0
82142,2012-04-30,0.33874276,0
82143,2012-04-30,0.42257622,1
82144,2012-04-30,0.40697974,0
82145,2012-04-30,0.20587765,0
82146,2012-04-30,0.20926146,1
82147,2012-04-30,0.051123526,0
82148,2012-04-30,0.29475656,0
82149,2012-04-30,0.7853796,1
82150,2012-04-30,0.34233135,0
82151,2012-04-30,0.34165,0
82152,2012-04-30,0.2820319,1
82153,2012-04-30,0.24663365,1
82154,2012-04-30,0.6732843,1
82155,2012-04-30,0.5346533,1
82156,2012-04-30,0.15271759,0
82157,2012-04-30,0.10503425,0
82158,2012-04-30,0.08031451,1
82159,2012-04-30,0.2269675,1
82160,2012-04-30,0.28110373,0
82161,2012-04-30,0.5778121,0
82162,2012-04-30,0.10001724,0
82163,2012-04-30,0.21428053,0
82164,2012-04-30,0.39605942,0
82165,2012-04-30,0.30779442,0
82166,2012-04-30,0.16277558,0
82167,2012-04-30,0.46189204,0
82168,2012-04-30,0.07464803,0
82169,2012-04-30,0.06195865,0
82170,2012-04-30,0.52204144,1
82171,2012-04-30,0.13862851,0
82172,2012-04-30,0.06434944,0
82173,2012-04-30,0.08766355,0
82174,2012-04-30,0.6810671,1
82175,2012-04-30,0.2566833,0
82176,2012-04-30,0.28955755,0
82177,2012-04-30,0.045387346,1
82178,2012-04-30,0.14565253,0
82179,2012-04-30,0.25200498,0
82180,2012-04-30,0.8110505,1
82181,2012-04-30,0.106023744,0
82182,2012-04-30,0.519411,1
82183,2012-04-30,0.6930586,0
82184,2012-04-30,0.42549488,1
82185,2012-04-30,0.60446167,0
82186,2012-04-30,0.17111906,0
82187,2012-04-30,0.30424577,0
82188,2012-04-30,0.5690895,0
82189,2012-04-30,0.22676505,0
82190,2012-04-30,0.44803473,1
82191,2012-04-30,0.11934812,0
82192,2012-04-30,0.23908919,0
82193,2012-04-30,0.18861954,0
82194,2012-04-30,0.058094624,0
82195,2012-04-30,0.2814511,0
82196,2012-04-30,0.6560982,1
82197,2012-04-30,0.3749875,1
82198,2012-04-30,0.043766093,0
82199,2012-04-30,0.17413408,0
82200,2012-04-30,0.5565525,1
82201,2012-05-01,0.13049687,0
82202,2012-05-01,0.32729644,1
82203,2012-05-01,0.0199272,0
82204,2012-05-01,0.5623965,0
82205,2012-05-01,0.32908717,0
82206,2012-05-01,0.12649211,1
82207,2012-05-01,0.2874475,0
82208,2012-05-01,0.4702744,0
82209,2012-05-01,0.20646092,1
82210,2012-05-01,0.4601294,0
82211,2012-05-01,0.36293077,0
82212,2012-05-01,0.24938275,0
82213,2012-05-01,0.38316083,0
82214,2012-05-01,0.43105718,0
82215,2012-05-01,0.0725585,0
82216,2012-05-01,0.31467903,1
82217,2012-05-01,0.59454024,0
82218,2012-05-01,0.57582676,0
82219,2012-05-01,0.25813204,0
82220,2012-05-01,0.03040365,0
82221,2012-05-01,0.54134476,0
82222,2012-05-01,0.36064065,1
82223,2012-05-01,0.12282967,0
82224,2012-05-01,0.14428124,0
82225,2012-05-01,0.40719572,0
82226,2012-05-01,0.2666816,0
82227,2012-05-01,0.70413655,0
82228,2012-05-01,0.72452575,0
82229,2012-05-01,0.061295472,0
82230,2012-05-01,0.37641245,0
82231,2012-05-01,0.044949215,0
82232,2012-05-01,0.306844,0
82233,2012-05-01,0.4889787,1
82234,2012-05-01,0.26851082,0
82235,2012-05-01,0.08978149,0
82236,2012-05-01,0.27020088,0
82237,2012-05-01,0.25433227,0
82238,2012-05-01,0.3175699,0
82239,2012-05-01,0.86700886,1
82240,2012-05-01,0.17051943,0
82241,2012-05-01,0.1167763,0
82242,2012-05-01,0.29179206,0
82243,2012-05-01,0.53690815,0
82244,2012-05-01,0.34718472,1
82245,2012-05-01,0.3322732,1
82246,2012-05-01,0.106237,1
82247,2012-05-01,0.42346603,0
82248,2012-05-01,0.19397826,0
82249,2012-05-01,0.23805325,0
82250,2012-05-01,0.4594871,0
82251,2012-05-01,0.5949193,1
82252,2012-05-01,0.38640797,0
82253,2012-05-01,0.24383532,0
82254,2012-05-01,0.22531313,0
82255,2012-05-01,0.20846383,0
82256,2012-05-01,0.3582453,0
82257,2012-05-01,0.080886245,0
82258,2012-05-01,0.07334083,0
82259,2012-05-01,0.05084964,0
82260,2012-05-01,0.376206,0
82261,2012-05-01,0.590326,0
82262,2012-05-01,0.12511839,0
82263,2012-05-01,0.18354882,0
82264,2012-05-01,0.032243278,0
82265,2012-05-01,0.4246832,0
82266,2012-05-01,0.1638965,0
82267,2012-05-01,0.19427463,0
82268,2012-05-01,0.4051186,0
82269,2012-05-01,0.75043416,0
82270,2012-05-01,0.53024995,0
82271,2012-05-01,0.32045266,1
82272,2012-05-01,0.014067337,0
82273,2012-05-01,0.5059712,0
82274,2012-05-01,0.10775734,0
82275,2012-05-01,0.10181558,0
82276,2012-05-01,0.113728665,0
82277,2012-05-01,0.3364236,0
82278,2012-05-01,0.17165379,0
82279,2012-05-01,0.6155029,0
82280,2012-05-01,0.34006116,0
82281,2012-05-01,0.29906088,1
82282,2012-05-01,0.80094105,0
82283,2012-05-01,0.5515656,0
82284,2012-05-01,0.0714876,1
82285,2012-05-01,0.37237573,1
82286,2012-05-01,0.11095191,0
82287,2012-05-01,0.3908015,0
82288,2012-05-01,0.5047063,0
82289,2012-05-02,0.4301904,0
82290,2012-05-02,0.4617841,0
82291,2012-05-02,0.24735057,0
82292,2012-05-02,0.5024928,0
82293,2012-05-02,0.19288282,1
82294,2012-05-02,0.23886992,1
82295,2012-05-02,0.35009646,0
82296,2012-05-02,0.41569126,0
82297,2012-05-02,0.19125031,0
82298,2012-05-02,0.17784826,1
82299,2012-05-02,0.38307735,0
82300,2012-05-02,0.05782025,0
82301,2012-05-02,0.06605298,0
82302,2012-05-02,0.19100165,0
82303,2012-05-02,0.14424153,1
82304,2012-05-02,0.40392378,0
82305,2012-05-02,0.24633577,0
82306,2012-05-02,0.022240836,0
82307,2012-05-02,0.14489523,1
82308,2012-05-02,0.13884339,0
82309,2012-05-02,0.5735621,1
82310,2012-05-02,0.41262344,1
82311,2012-05-02,0.22802036,1
82312,2012-05-02,0.6626446,0
82313,2012-05-02,0.63987035,1
82314,2012-05-02,0.5406292,0
82315,2012-05-02,0.17663334,0
82316,2012-05-02,0.07171944,1
82317,2012-05-02,0.24865523,0
82318,2012-05-02,0.34954304,1
82319,2012-05-02,0.670688,0
82320,2012-05-02,0.29993168,0
82321,2012-05-02,0.45288414,0
82322,2012-05-02,0.09475512,0
82323,2012-05-02,0.35046488,1
82324,2012-05-02,0.36037064,1
82325,2012-05-02,0.16121648,1
82326,2012-05-02,0.29578736,0
82327,2012-05-02,0.80634075,1
82328,2012-05-02,0.86239165,1
82329,2012-05-02,0.7078765,0
82330,2012-05-02,0.10471803,0
82331,2012-05-02,0.05538698,0
82332,2012-05-02,0.44623634,1
82333,2012-05-02,0.16594735,0
82334,2012-05-02,0.32206324,0
82335,2012-05-02,0.8313791,1
82336,2012-05-02,0.9054517,0
82337,2012-05-02,0.6614687,0
82338,2012-05-02,0.5321368,1
82339,2012-05-02,0.56500494,1
82340,2012-05-02,0.3333194,0
82341,2012-05-02,0.23819953,0
82342,2012-05-02,0.2992478,1
82343,2012-05-02,0.14950827,1
82344,2012-05-02,0.16145365,0
82345,2012-05-02,0.0092548,0
82346,2012-05-02,0.101455934,0
82347,2012-05-02,0.26983255,1
82348,2012-05-02,0.19526933,0
82349,2012-05-02,0.2850515,0
82350,2012-05-02,0.42355272,1
82351,2012-05-02,0.5657029,0
82352,2012-05-02,0.20887621,0
82353,2012-05-02,0.5929514,0
82354,2012-05-02,0.13336304,0
82355,2012-05-02,0.33051008,0
82356,2012-05-02,0.06098301,0
82357,2012-05-02,0.36063135,1
82358,2012-05-02,0.39382988,1
82359,2012-05-02,0.27641726,1
82360,2012-05-02,0.49112335,1
82361,2012-05-02,0.27409002,0
82362,2012-05-02,0.07602214,0
82363,2012-05-02,0.38781765,1
82364,2012-05-02,0.65126646,0
82365,2012-05-02,0.15100488,0
82366,2012-05-02,0.75113297,1
82367,2012-05-02,0.22168654,0
82368,2012-05-02,0.25769535,0
82369,2012-05-02,0.42602736,0
82370,2012-05-02,0.32249832,1
82371,2012-05-02,0.40958497,0
82372,2012-05-02,0.20232469,0
82373,2012-05-02,0.21382108,1
82374,2012-05-02,0.43785504,1
82375,2012-05-02,0.6543725,1
82376,2012-05-02,0.57805043,1
82377,2012-05-02,0.58567303,0
82378,2012-05-02,0.3128264,0
82379,2012-05-02,0.21436425,0
82380,2012-05-02,0.3304248,1
82381,2012-05-02,0.50628465,1
82382,2012-05-02,0.44019577,1
82383,2012-05-02,0.8912927,0
82384,2012-05-02,0.6808351,1
82385,2012-05-02,0.22779678,0
82386,2012-05-02,0.6260579,0
82387,2012-05-02,0.051450107,0
82388,2012-05-02,0.06172953,0
82389,2012-05-02,0.09163547,0
82390,2012-05-02,0.22598942,0
82391,2012-05-02,0.57353956,1
82392,2012-05-02,0.16519336,0
82393,2012-05-02,0.34419063,1
82394,2012-05-02,0.38740897,0
82395,2012-05-02,0.4399887,1
82396,2012-05-02,0.19446923,0
82397,2012-05-02,0.3077713,0
82398,2012-05-02,0.11854698,0
82399,2012-05-02,0.5004204,0
82400,2012-05-02,0.51273745,1
82401,2012-05-02,0.8480748,1
82402,2012-05-02,0.5447186,0
82403,2012-05-02,0.20910847,0
82404,2012-05-02,0.07344269,0
82405,2012-05-02,0.052799232,1
82406,2012-05-02,0.19825499,0
82407,2012-05-02,0.42426628,0
82408,2012-05-02,0.6581506,0
82409,2012-05-02,0.11900619,0
82410,2012-05-02,0.4049843,0
82411,2012-05-02,0.057090584,0
82412,2012-05-02,0.45455834,1
82413,2012-05-02,0.90010554,0
82414,2012-05-02,0.1732278,1
82415,2012-05-02,0.06892528,0
82416,2012-05-02,0.54630667,1
82417,2012-05-02,0.19583584,1
82418,2012-05-02,0.07703931,1
82419,2012-05-02,0.5699889,1
82420,2012-05-02,0.32360598,0
82421,2012-05-02,0.28101107,1
82422,2012-05-02,0.3604799,1
82423,2012-05-02,0.5156354,0
82424,2012-05-02,0.26721418,0
82425,2012-05-02,0.4567754,1
82426,2012-05-02,0.8403089,0
82427,2012-05-02,0.34963402,0
82428,2012-05-02,0.21434319,0
82429,2012-05-02,0.7381604,0
82430,2012-05-02,0.22306858,0
82431,2012-05-02,0.115280695,1
82432,2012-05-02,0.705206,1
82433,2012-05-02,0.5451225,0
82434,2012-05-02,0.35485741,1
82435,2012-05-02,0.18712038,0
82436,2012-05-02,0.5604057,0
82437,2012-05-02,0.32680064,0
82438,2012-05-02,0.2114166,1
82439,2012-05-02,0.21919554,0
82440,2012-05-02,0.92731863,0
82441,2012-05-02,0.52163106,0
82442,2012-05-02,0.20994648,0
82443,2012-05-02,0.22740892,1
82444,2012-05-02,0.41750878,1
82445,2012-05-02,0.31284568,0
82446,2012-05-02,0.42311683,0
82447,2012-05-02,0.11672563,1
82448,2012-05-02,0.7075141,0
82449,2012-05-02,0.027762339,0
82450,2012-05-02,0.81024146,0
82451,2012-05-02,0.42947382,1
82452,2012-05-02,0.10769206,0
82453,2012-05-02,0.46715525,0
82454,2012-05-02,0.21084179,0
82455,2012-05-02,0.26393375,1
82456,2012-05-02,0.25016126,0
82457,2012-05-02,0.38942853,1
82458,2012-05-02,0.5994265,1
82459,2012-05-02,0.42573112,0
82460,2012-05-02,0.20130499,1
82461,2012-05-02,0.1100706,0
82462,2012-05-02,0.20728348,1
82463,2012-05-02,0.50865334,0
82464,2012-05-02,0.45544666,0
82465,2012-05-02,0.29129216,0
82466,2012-05-02,0.03496855,0
82467,2012-05-02,0.684763,0
82468,2012-05-02,0.5864492,0
82469,2012-05-02,0.2576601,1
82470,2012-05-02,0.35715312,0
82471,2012-05-02,0.4074546,0
82472,2012-05-02,0.17323391,0
82473,2012-05-02,0.7213352,1
82474,2012-05-02,0.75294805,1
82475,2012-05-02,0.30938745,0
82476,2012-05-02,0.20813853,1
82477,2012-05-02,0.117742546,1
82478,2012-05-02,0.80947244,1
82479,2012-05-02,0.44403255,0
82480,2012-05-02,0.62749153,0
82481,2012-05-02,0.15062194,0
82482,2012-05-02,0.26263943,0
82483,2012-05-02,0.064944156,0
82484,2012-05-02,0.50924027,1
82485,2012-05-02,0.38766533,1
82486,2012-05-02,0.10340426,0
82487,2012-05-02,0.49318007,1
82488,2012-05-02,0.18397897,1
82489,2012-05-02,0.22062288,0
82490,2012-05-02,0.3168563,1
82491,2012-05-02,0.108931765,0
82492,2012-05-02,0.20045874,1
82493,2012-05-02,0.19441481,0
82494,2012-05-02,0.013283671,0
82495,2012-05-02,0.49880517,1
82496,2012-05-02,0.17015314,0
82497,2012-05-02,0.39116126,0
82498,2012-05-02,0.31342182,0
82499,2012-05-02,0.14193213,0
82500,2012-05-02,0.23345527,0
82501,2012-05-02,0.09400181,0
82502,2012-05-02,0.19687544,0
82503,2012-05-02,0.20404328,0
82504,2012-05-02,0.6182686,0
82505,2012-05-02,0.39799306,0
82506,2012-05-02,0.61888576,1
82507,2012-05-02,0.3109451,0
82508,2012-05-02,0.65056735,1
82509,2012-05-02,0.3768643,1
82510,2012-05-02,0.33784124,0
82511,2012-05-02,0.92667603,0
82512,2012-05-02,0.17815983,0
82513,2012-05-02,0.526046,0
82514,2012-05-02,0.24812183,1
82515,2012-05-02,0.40867114,0
82516,2012-05-02,0.15486278,0
82517,2012-05-02,0.053827155,0
82518,2012-05-02,0.27941582,1
82519,2012-05-02,0.018035969,0
82520,2012-05-02,0.1636646,0
82521,2012-05-02,0.324201,0
82522,2012-05-02,0.11067113,0
82523,2012-05-02,0.29466692,0
82524,2012-05-02,0.26559362,0
82525,2012-05-02,0.42742294,1
82526,2012-05-02,0.61373305,0
82527,2012-05-02,0.2469306,0
82528,2012-05-02,0.42780146,0
82529,2012-05-02,0.17958617,0
82530,2012-05-02,0.19207835,1
82531,2012-05-02,0.8660273,0
82532,2012-05-02,0.6838915,0
82533,2012-05-02,0.37199008,0
82534,2012-05-02,0.27398196,1
82535,2012-05-02,0.19356267,0
82536,2012-05-02,0.07642323,0
82537,2012-05-02,0.253071,1
82538,2012-05-02,0.26308683,1
82539,2012-05-02,0.07454412,1
82540,2012-05-02,0.63237715,0
82541,2012-05-02,0.42408815,1
82542,2012-05-02,0.21175863,0
82543,2012-05-02,0.76342946,1
82544,2012-05-02,0.24613042,0
82545,2012-05-02,0.1616641,0
82546,2012-05-02,0.5378274,1
82547,2012-05-02,0.24308656,1
82548,2012-05-02,0.7200774,1
82549,2012-05-02,0.10546059,0
82550,2012-05-02,0.11763716,0
82551,2012-05-02,0.40048367,0
82552,2012-05-03,0.28163928,0
82553,2012-05-03,0.6083101,0
82554,2012-05-03,0.3781003,0
82555,2012-05-03,0.87353754,0
82556,2012-05-03,0.26154798,0
82557,2012-05-03,0.07122152,0
82558,2012-05-03,0.6341169,0
82559,2012-05-03,0.50206083,0
82560,2012-05-03,0.5053434,0
82561,2012-05-03,0.37805972,0
82562,2012-05-03,0.36549962,1
82563,2012-05-03,0.050338745,0
82564,2012-05-03,0.199611,1
82565,2012-05-03,0.43422982,1
82566,2012-05-03,0.7775596,0
82567,2012-05-03,0.5122667,1
82568,2012-05-03,0.32050082,1
82569,2012-05-03,0.4018551,1
82570,2012-05-03,0.11019237,0
82571,2012-05-03,0.02681743,0
82572,2012-05-03,0.29588652,0
82573,2012-05-03,0.27219215,1
82574,2012-05-03,0.08813299,0
82575,2012-05-03,0.3037046,0
82576,2012-05-03,0.38207304,0
82577,2012-05-03,0.27141985,0
82578,2012-05-03,0.70281464,1
82579,2012-05-03,0.45938948,0
82580,2012-05-03,0.7012413,1
82581,2012-05-03,0.15253161,0
82582,2012-05-03,0.061320577,0
82583,2012-05-03,0.27044842,0
82584,2012-05-03,0.4243546,0
82585,2012-05-03,0.15528591,0
82586,2012-05-03,0.3045355,0
82587,2012-05-03,0.16849485,1
82588,2012-05-03,0.7008678,0
82589,2012-05-03,0.38798627,1
82590,2012-05-03,0.050037522,0
82591,2012-05-03,0.24909285,1
82592,2012-05-03,0.53307396,0
82593,2012-05-03,0.37693122,0
82594,2012-05-03,0.14364456,0
82595,2012-05-03,0.27149034,0
82596,2012-05-03,0.30133495,1
82597,2012-05-03,0.61589545,1
82598,2012-05-03,0.1239736,0
82599,2012-05-03,0.32163614,1
82600,2012-05-03,0.19141889,0
82601,2012-05-03,0.26023078,0
82602,2012-05-03,0.22863407,0
82603,2012-05-03,0.06570682,0
82604,2012-05-03,0.42226472,0
82605,2012-05-03,0.57723624,0
82606,2012-05-03,0.19150908,0
82607,2012-05-03,0.11986286,0
82608,2012-05-03,0.5662454,0
82609,2012-05-03,0.4143257,0
82610,2012-05-03,0.08357678,0
82611,2012-05-03,0.21304637,0
82612,2012-05-03,0.32015744,1
82613,2012-05-03,0.19706817,1
82614,2012-05-03,0.38547722,0
82615,2012-05-03,0.04903918,0
82616,2012-05-03,0.21337622,0
82617,2012-05-03,0.9222871,1
82618,2012-05-03,0.20457764,0
82619,2012-05-03,0.122201346,0
82620,2012-05-03,0.65791506,1
82621,2012-05-03,0.06693897,0
82622,2012-05-03,0.13254736,0
82623,2012-05-03,0.12758717,0
82624,2012-05-03,0.76990235,1
82625,2012-05-03,0.113592744,0
82626,2012-05-03,0.15581581,1
82627,2012-05-03,0.71497893,0
82628,2012-05-03,0.012826955,0
82629,2012-05-03,0.27075475,0
82630,2012-05-03,0.48867804,1
82631,2012-05-03,0.3219391,1
82632,2012-05-03,0.088203065,0
82633,2012-05-03,0.76832426,1
82634,2012-05-03,0.6567403,1
82635,2012-05-03,0.62782204,1
82636,2012-05-03,0.5205989,0
82637,2012-05-03,0.20448175,0
82638,2012-05-03,0.073346764,0
82639,2012-05-03,0.7067615,0
82640,2012-05-03,0.61543953,0
82641,2012-05-03,0.15511625,0
82642,2012-05-03,0.5292545,0
82643,2012-05-03,0.76200694,1
82644,2012-05-03,0.47270778,1
82645,2012-05-03,0.08518942,0
82646,2012-05-03,0.36074442,0
82647,2012-05-03,0.23025101,0
82648,2012-05-03,0.5898389,0
82649,2012-05-03,0.39108473,0
82650,2012-05-03,0.027267072,0
82651,2012-05-03,0.7131393,0
82652,2012-05-03,0.23451234,0
82653,2012-05-03,0.692636,1
82654,2012-05-03,0.36701924,0
82655,2012-05-03,0.65883595,1
82656,2012-05-03,0.72899723,0
82657,2012-05-03,0.40133286,0
82658,2012-05-03,0.27849242,1
82659,2012-05-03,0.6007189,0
82660,2012-05-03,0.1513032,0
82661,2012-05-03,0.43415537,0
82662,2012-05-03,0.20745555,0
82663,2012-05-03,0.49845186,0
82664,2012-05-03,0.4933471,1
82665,2012-05-03,0.8019464,0
82666,2012-05-03,0.25413147,1
82667,2012-05-03,0.29376417,1
82668,2012-05-03,0.16800252,0
82669,2012-05-03,0.05562277,0
82670,2012-05-03,0.4099637,0
82671,2012-05-03,0.13841076,0
82672,2012-05-03,0.33456862,0
82673,2012-05-03,0.10231504,0
82674,2012-05-03,0.5755491,0
82675,2012-05-03,0.08874351,0
82676,2012-05-03,0.37789464,1
82677,2012-05-03,0.23626794,0
82678,2012-05-03,0.79486936,0
82679,2012-05-03,0.4897519,1
82680,2012-05-03,0.37516493,0
82681,2012-05-03,0.13653179,1
82682,2012-05-03,0.45341563,1
82683,2012-05-03,0.42589912,0
82684,2012-05-03,0.7963467,1
82685,2012-05-03,0.79752463,0
82686,2012-05-03,0.24233304,1
82687,2012-05-03,0.06628685,0
82688,2012-05-03,0.0496288,0
82689,2012-05-03,0.05425138,0
82690,2012-05-03,0.03031984,0
82691,2012-05-03,0.053721692,0
82692,2012-05-03,0.62516856,0
82693,2012-05-03,0.16215105,0
82694,2012-05-03,0.42453793,1
82695,2012-05-03,0.3862357,0
82696,2012-05-03,0.09340501,1
82697,2012-05-03,0.2168069,0
82698,2012-05-03,0.021670254,0
82699,2012-05-03,0.34430766,0
82700,2012-05-03,0.13385616,1
82701,2012-05-03,0.6599165,1
82702,2012-05-03,0.057992958,1
82703,2012-05-03,0.45731866,0
82704,2012-05-03,0.08736586,0
82705,2012-05-03,0.41796467,1
82706,2012-05-03,0.23928858,1
82707,2012-05-03,0.15787567,0
82708,2012-05-03,0.16481876,0
82709,2012-05-03,0.3055326,0
82710,2012-05-03,0.5522118,1
82711,2012-05-03,0.3851588,1
82712,2012-05-03,0.4240495,1
82713,2012-05-03,0.0804901,1
82714,2012-05-03,0.3683399,0
82715,2012-05-03,0.25295722,0
82716,2012-05-03,0.43227136,0
82717,2012-05-03,0.3962493,0
82718,2012-05-03,0.42969003,0
82719,2012-05-03,0.8701861,0
82720,2012-05-03,0.28331178,0
82721,2012-05-03,0.41172478,0
82722,2012-05-03,0.2121706,0
82723,2012-05-03,0.53624123,1
82724,2012-05-03,0.24274217,0
82725,2012-05-03,0.08090747,0
82726,2012-05-03,0.32867414,0
82727,2012-05-03,0.10576965,0
82728,2012-05-03,0.29634503,0
82729,2012-05-03,0.378706,0
82730,2012-05-03,0.41285306,0
82731,2012-05-03,0.2589641,0
82732,2012-05-03,0.7665988,0
82733,2012-05-03,0.27875635,1
82734,2012-05-03,0.05459384,1
82735,2012-05-03,0.5052285,0
82736,2012-05-03,0.66618055,0
82737,2012-05-03,0.7945705,0
82738,2012-05-03,0.09993898,0
82739,2012-05-03,0.09662797,0
82740,2012-05-03,0.33492586,1
82741,2012-05-03,0.043161333,0
82742,2012-05-03,0.6966777,0
82743,2012-05-03,0.60108435,0
82744,2012-05-03,0.29663423,1
82745,2012-05-03,0.38718888,0
82746,2012-05-03,0.18606357,0
82747,2012-05-03,0.36098224,0
82748,2012-05-03,0.10707935,1
82749,2012-05-03,0.07034249,0
82750,2012-05-03,0.25925195,0
82751,2012-05-03,0.5999135,0
82752,2012-05-03,0.27159706,0
82753,2012-05-03,0.5507387,1
82754,2012-05-03,0.17338261,0
82755,2012-05-03,0.099316105,0
82756,2012-05-03,0.26683518,0
82757,2012-05-03,0.379864,1
82758,2012-05-03,0.5732013,0
82759,2012-05-03,0.3528323,0
82760,2012-05-03,0.19148442,0
82761,2012-05-03,0.61739075,1
82762,2012-05-03,0.5618583,0
82763,2012-05-03,0.36848462,0
82764,2012-05-03,0.5010477,0
82765,2012-05-03,0.7259989,0
82766,2012-05-04,0.21636902,1
82767,2012-05-04,0.48898146,0
82768,2012-05-04,0.19459952,0
82769,2012-05-04,0.8601379,1
82770,2012-05-04,0.8197285,1
82771,2012-05-04,0.18893637,1
82772,2012-05-04,0.21290869,0
82773,2012-05-04,0.1995514,1
82774,2012-05-04,0.17301613,0
82775,2012-05-04,0.1242676,0
82776,2012-05-04,0.25720978,0
82777,2012-05-04,0.24597508,0
82778,2012-05-04,0.44694486,1
82779,2012-05-04,0.41985503,0
82780,2012-05-04,0.48131302,0
82781,2012-05-04,0.4615362,0
82782,2012-05-04,0.11658772,1
82783,2012-05-04,0.39733613,1
82784,2012-05-04,0.50337017,0
82785,2012-05-04,0.018803291,0
82786,2012-05-04,0.40904564,0
82787,2012-05-04,0.21502367,1
82788,2012-05-04,0.22588858,1
82789,2012-05-04,0.14898852,1
82790,2012-05-04,0.21287116,0
82791,2012-05-04,0.34755206,0
82792,2012-05-04,0.42579636,0
82793,2012-05-04,0.087879285,1
82794,2012-05-04,0.73655564,1
82795,2012-05-04,0.5142267,1
82796,2012-05-04,0.047902573,0
82797,2012-05-04,0.29576594,0
82798,2012-05-04,0.49496672,1
82799,2012-05-04,0.23561059,0
82800,2012-05-04,0.8815821,0
82801,2012-05-04,0.06816475,0
82802,2012-05-04,0.35737553,0
82803,2012-05-04,0.20856243,0
82804,2012-05-04,0.13054052,0
82805,2012-05-04,0.08306906,0
82806,2012-05-04,0.14587359,0
82807,2012-05-04,0.33059838,0
82808,2012-05-04,0.1882552,0
82809,2012-05-04,0.3352791,1
82810,2012-05-04,0.19846863,0
82811,2012-05-04,0.05746065,0
82812,2012-05-04,0.24959143,1
82813,2012-05-04,0.44743204,1
82814,2012-05-04,0.65954316,1
82815,2012-05-04,0.2532771,0
82816,2012-05-04,0.07349923,0
82817,2012-05-04,0.20783712,0
82818,2012-05-04,0.73665404,1
82819,2012-05-04,0.18113168,1
82820,2012-05-04,0.22707337,1
82821,2012-05-04,0.14535967,0
82822,2012-05-04,0.75938076,1
82823,2012-05-04,0.51849514,0
82824,2012-05-04,0.18502781,1
82825,2012-05-04,0.22709349,1
82826,2012-05-04,0.2875531,1
82827,2012-05-04,0.32566276,0
82828,2012-05-04,0.49794427,1
82829,2012-05-04,0.1160683,0
82830,2012-05-04,0.07841394,0
82831,2012-05-04,0.3159556,1
82832,2012-05-04,0.6671229,0
82833,2012-05-04,0.5624576,1
82834,2012-05-04,0.68642133,0
82835,2012-05-04,0.15564205,0
82836,2012-05-04,0.44208997,0
82837,2012-05-04,0.35606807,1
82838,2012-05-04,0.066498205,0
82839,2012-05-04,0.25550988,0
82840,2012-05-04,0.49318388,0
82841,2012-05-04,0.5472496,1
82842,2012-05-04,0.386425,0
82843,2012-05-04,0.41571525,0
82844,2012-05-04,0.7635649,0
82845,2012-05-04,0.2234843,0
82846,2012-05-04,0.087879285,1
82847,2012-05-04,0.5091129,0
82848,2012-05-04,0.44468758,0
82849,2012-05-04,0.5783474,0
82850,2012-05-04,0.19381127,0
82851,2012-05-04,0.27875802,1
82852,2012-05-04,0.592375,0
82853,2012-05-04,0.08876715,1
82854,2012-05-04,0.2555062,1
82855,2012-05-04,0.1168576,0
82856,2012-05-04,0.46617797,0
82857,2012-05-04,0.150277,0
82858,2012-05-04,0.04394318,0
82859,2012-05-04,0.5079292,1
82860,2012-05-04,0.3032406,0
82861,2012-05-04,0.51911926,0
82862,2012-05-04,0.42180818,0
82863,2012-05-04,0.15851268,1
82864,2012-05-04,0.54624665,1
82865,2012-05-04,0.10554816,0
82866,2012-05-04,0.31992084,0
82867,2012-05-04,0.17472118,0
82868,2012-05-04,0.18783273,0
82869,2012-05-04,0.41293412,0
82870,2012-05-04,0.33348802,0
82871,2012-05-04,0.39339983,0
82872,2012-05-04,0.10516889,0
82873,2012-05-04,0.1464767,0
82874,2012-05-04,0.05925391,0
82875,2012-05-04,0.15851268,1
82876,2012-05-04,0.5143557,1
82877,2012-05-04,0.76379377,1
82878,2012-05-04,0.5843235,0
82879,2012-05-04,0.32733536,0
82880,2012-05-04,0.4584276,0
82881,2012-05-04,0.51591474,0
82882,2012-05-04,0.43614858,0
82883,2012-05-04,0.7143537,0
82884,2012-05-04,0.46749267,0
82885,2012-05-04,0.22087732,0
82886,2012-05-04,0.1930813,1
82887,2012-05-04,0.26316723,0
82888,2012-05-04,0.028920213,0
82889,2012-05-04,0.24028556,0
82890,2012-05-04,0.32747486,0
82891,2012-05-04,0.64392865,0
82892,2012-05-04,0.6010041,0
82893,2012-05-04,0.51074344,1
82894,2012-05-04,0.24790086,0
82895,2012-05-04,0.3613796,1
82896,2012-05-04,0.2905636,0
82897,2012-05-04,0.7233332,1
82898,2012-05-04,0.5490817,0
82899,2012-05-04,0.33394766,1
82900,2012-05-04,0.38386777,0
82901,2012-05-04,0.1461226,0
82902,2012-05-04,0.05550087,1
82903,2012-05-04,0.10082646,0
82904,2012-05-04,0.40978602,1
82905,2012-05-04,0.11139554,0
82906,2012-05-04,0.45768306,0
82907,2012-05-04,0.28941876,0
82908,2012-05-04,0.14560455,1
82909,2012-05-04,0.7023704,1
82910,2012-05-04,0.46497396,1
82911,2012-05-04,0.5940869,1
82912,2012-05-04,0.0128530525,1
82913,2012-05-04,0.79123926,0
82914,2012-05-04,0.06347821,1
82915,2012-05-04,0.34814143,1
82916,2012-05-04,0.09375714,1
82917,2012-05-04,0.42326826,0
82918,2012-05-04,0.10479486,0
82919,2012-05-04,0.72654086,1
82920,2012-05-04,0.33573842,0
82921,2012-05-04,0.027023608,0
82922,2012-05-04,0.8639179,1
82923,2012-05-04,0.68807894,0
82924,2012-05-04,0.44360498,1
82925,2012-05-04,0.051175818,0
82926,2012-05-04,0.18420057,1
82927,2012-05-04,0.55353624,1
82928,2012-05-04,0.30852214,1
82929,2012-05-04,0.035631593,1
82930,2012-05-04,0.19697782,0
82931,2012-05-04,0.92446893,0
82932,2012-05-04,0.1418096,0
82933,2012-05-04,0.115394704,0
82934,2012-05-04,0.21658632,1
82935,2012-05-04,0.5138139,0
82936,2012-05-04,0.063574724,0
82937,2012-05-04,0.26995373,0
82938,2012-05-04,0.20898987,0
82939,2012-05-04,0.6998719,1
82940,2012-05-04,0.41869575,0
82941,2012-05-04,0.19598685,0
82942,2012-05-04,0.34475076,0
82943,2012-05-04,0.43887824,0
82944,2012-05-04,0.22751048,0
82945,2012-05-04,0.036673717,0
82946,2012-05-04,0.6140639,0
82947,2012-05-04,0.30718315,0
82948,2012-05-04,0.7022582,1
82949,2012-05-04,0.36524555,1
82950,2012-05-04,0.121318564,0
82951,2012-05-04,0.30443415,0
82952,2012-05-04,0.02159717,0
82953,2012-05-04,0.41550454,0
82954,2012-05-04,0.29663718,0
82955,2012-05-04,0.74121046,1
82956,2012-05-04,0.49744782,0
82957,2012-05-04,0.1293982,0
82958,2012-05-04,0.10367164,1
82959,2012-05-04,0.4969246,1
82960,2012-05-04,0.115921184,0
82961,2012-05-04,0.33190113,1
82962,2012-05-04,0.2468343,0
82963,2012-05-04,0.3634,0
82964,2012-05-04,0.22782268,0
82965,2012-05-04,0.12990884,1
82966,2012-05-04,0.37980792,1
82967,2012-05-04,0.3112569,0
82968,2012-05-04,0.041825637,0
82969,2012-05-04,0.54308915,1
82970,2012-05-04,0.33012742,1
82971,2012-05-04,0.25852233,0
82972,2012-05-04,0.16369183,0
82973,2012-05-04,0.24672481,0
82974,2012-05-04,0.38667732,0
82975,2012-05-04,0.06294887,1
82976,2012-05-04,0.07908612,0
82977,2012-05-04,0.8171679,0
82978,2012-05-04,0.18308765,1
82979,2012-05-04,0.34037113,0
82980,2012-05-04,0.2518024,1
82981,2012-05-04,0.17820455,0
82982,2012-05-04,0.19935903,0
82983,2012-05-04,0.12818192,0
82984,2012-05-04,0.26384777,0
82985,2012-05-04,0.21920381,1
82986,2012-05-04,0.47039852,1
82987,2012-05-04,0.1472242,1
82988,2012-05-04,0.697088,0
82989,2012-05-04,0.30686697,0
82990,2012-05-04,0.059996657,0
82991,2012-05-04,0.07847603,0
82992,2012-05-04,0.32871383,0
82993,2012-05-04,0.8541853,0
82994,2012-05-04,0.18094335,0
82995,2012-05-04,0.54346365,1
82996,2012-05-04,0.33149603,1
82997,2012-05-04,0.41365227,0
82998,2012-05-05,0.082898974,0
82999,2012-05-05,0.12936151,1
83000,2012-05-05,0.4054167,1
83001,2012-05-05,0.4683769,0
83002,2012-05-05,0.17207453,0
83003,2012-05-05,0.2911123,0
83004,2012-05-05,0.20075972,0
83005,2012-05-05,0.4372578,0
83006,2012-05-05,0.18626872,0
83007,2012-05-05,0.4233127,0
83008,2012-05-05,0.13203558,1
83009,2012-05-05,0.3501382,1
83010,2012-05-05,0.23784423,0
83011,2012-05-05,0.22426565,0
83012,2012-05-05,0.12352823,1
83013,2012-05-05,0.13319398,0
83014,2012-05-05,0.1676537,0
83015,2012-05-05,0.21029532,0
83016,2012-05-05,0.24479581,1
83017,2012-05-05,0.10613242,1
83018,2012-05-05,0.38916734,1
83019,2012-05-05,0.22712378,0
83020,2012-05-05,0.3744689,0
83021,2012-05-05,0.19058333,0
83022,2012-05-05,0.33233756,1
83023,2012-05-05,0.14398205,0
83024,2012-05-05,0.3418475,1
83025,2012-05-05,0.8508811,1
83026,2012-05-05,0.047325984,0
83027,2012-05-05,0.22443463,0
83028,2012-05-05,0.32004356,1
83029,2012-05-05,0.40604424,0
83030,2012-05-05,0.15309878,0
83031,2012-05-05,0.39388093,0
83032,2012-05-05,0.17810264,0
83033,2012-05-05,0.43759534,1
83034,2012-05-05,0.8530877,0
83035,2012-05-05,0.2492622,0
83036,2012-05-05,0.2321038,0
83037,2012-05-05,0.5929356,0
83038,2012-05-05,0.07188826,0
83039,2012-05-05,0.62028474,0
83040,2012-05-05,0.29501337,0
83041,2012-05-05,0.19495073,0
83042,2012-05-05,0.4551929,1
83043,2012-05-05,0.52792436,0
83044,2012-05-05,0.40287942,0
83045,2012-05-05,0.6430449,1
83046,2012-05-05,0.11704567,0
83047,2012-05-05,0.26716393,0
83048,2012-05-05,0.39361212,0
83049,2012-05-05,0.36666802,1
83050,2012-05-05,0.41000083,0
83051,2012-05-05,0.75670874,0
83052,2012-05-05,0.8071386,1
83053,2012-05-05,0.24663538,0
83054,2012-05-05,0.38034377,1
83055,2012-05-05,0.34112757,0
83056,2012-05-05,0.097857416,0
83057,2012-05-05,0.81261533,0
83058,2012-05-05,0.18559773,0
83059,2012-05-05,0.033732567,0
83060,2012-05-05,0.51315826,0
83061,2012-05-05,0.7640074,1
83062,2012-05-05,0.09169284,0
83063,2012-05-05,0.36788073,1
83064,2012-05-05,0.3125049,1
83065,2012-05-05,0.58693475,0
83066,2012-05-05,0.2885777,0
83067,2012-05-05,0.3656332,0
83068,2012-05-05,0.17250787,0
83069,2012-05-05,0.03174443,0
83070,2012-05-05,0.29007384,1
83071,2012-05-05,0.35870484,0
83072,2012-05-05,0.5954297,1
83073,2012-05-05,0.10786455,0
83074,2012-05-05,0.055906706,0
83075,2012-05-05,0.6703772,1
83076,2012-05-05,0.14032209,0
83077,2012-05-05,0.12554912,0
83078,2012-05-05,0.13297664,0
83079,2012-05-05,0.61353713,1
83080,2012-05-05,0.40024266,1
83081,2012-05-05,0.276007,1
83082,2012-05-05,0.3192061,0
83083,2012-05-05,0.07663976,0
83084,2012-05-05,0.70751476,1
83085,2012-05-05,0.091998324,0
83086,2012-05-05,0.10187824,0
83087,2012-05-05,0.27671984,0
83088,2012-05-05,0.3733531,0
83089,2012-05-05,0.5572551,1
83090,2012-05-05,0.36120918,1
83091,2012-05-05,0.10987091,0
83092,2012-05-05,0.2957745,0
83093,2012-05-05,0.3183246,0
83094,2012-05-05,0.4809759,0
83095,2012-05-05,0.25553793,0
83096,2012-05-05,0.493556,1
83097,2012-05-05,0.1134781,0
83098,2012-05-05,0.055041216,0
83099,2012-05-05,0.69506794,1
83100,2012-05-05,0.0679694,0
83101,2012-05-05,0.051920634,0
83102,2012-05-05,0.45033592,1
83103,2012-05-05,0.36698517,1
83104,2012-05-05,0.18251239,0
83105,2012-05-05,0.19759826,0
83106,2012-05-05,0.41088378,0
83107,2012-05-05,0.5191958,1
83108,2012-05-05,0.87504786,1
83109,2012-05-05,0.17406923,0
83110,2012-05-05,0.017518485,0
83111,2012-05-05,0.16939688,0
83112,2012-05-06,0.18472914,0
83113,2012-05-06,0.18784358,0
83114,2012-05-06,0.79405504,1
83115,2012-05-06,0.7785572,0
83116,2012-05-06,0.3869381,1
83117,2012-05-06,0.19876376,0
83118,2012-05-06,0.45107716,1
83119,2012-05-06,0.86403686,1
83120,2012-05-06,0.10342925,0
83121,2012-05-06,0.12237531,0
83122,2012-05-06,0.29248554,0
83123,2012-05-06,0.7193137,1
83124,2012-05-06,0.11908194,0
83125,2012-05-06,0.2173192,1
83126,2012-05-06,0.5013957,1
83127,2012-05-06,0.26030058,1
83128,2012-05-06,0.49204457,0
83129,2012-05-06,0.19259264,0
83130,2012-05-06,0.70812374,1
83131,2012-05-06,0.5336661,0
83132,2012-05-06,0.12933056,0
83133,2012-05-06,0.26851976,0
83134,2012-05-06,0.21293321,0
83135,2012-05-06,0.3160026,0
83136,2012-05-06,0.038720503,0
83137,2012-05-06,0.32733577,0
83138,2012-05-06,0.16969305,0
83139,2012-05-06,0.20382532,1
83140,2012-05-06,0.41070706,0
83141,2012-05-06,0.15740821,0
83142,2012-05-06,0.28050223,1
83143,2012-05-06,0.8911998,1
83144,2012-05-06,0.36452112,0
83145,2012-05-06,0.4050597,1
83146,2012-05-06,0.17129438,0
83147,2012-05-06,0.11199229,0
83148,2012-05-06,0.25963816,1
83149,2012-05-06,0.3993262,1
83150,2012-05-06,0.052769385,0
83151,2012-05-06,0.061874464,0
83152,2012-05-06,0.31680042,0
83153,2012-05-06,0.13559932,0
83154,2012-05-06,0.6189083,1
83155,2012-05-06,0.14281723,0
83156,2012-05-06,0.6339545,1
83157,2012-05-06,0.5446216,0
83158,2012-05-06,0.16211814,0
83159,2012-05-06,0.2982966,0
83160,2012-05-06,0.18331808,0
83161,2012-05-06,0.36790013,0
83162,2012-05-06,0.44620958,1
83163,2012-05-06,0.36056083,1
83164,2012-05-06,0.1853332,0
83165,2012-05-06,0.3183175,0
83166,2012-05-06,0.24909432,0
83167,2012-05-06,0.20660266,1
83168,2012-05-06,0.20923501,1
83169,2012-05-06,0.8781782,1
83170,2012-05-06,0.21192709,0
83171,2012-05-06,0.6223218,0
83172,2012-05-06,0.66999114,0
83173,2012-05-06,0.41501948,0
83174,2012-05-06,0.2513658,1
83175,2012-05-06,0.29598406,0
83176,2012-05-06,0.19465557,0
83177,2012-05-06,0.06256576,0
83178,2012-05-06,0.6772329,0
83179,2012-05-06,0.15247582,0
83180,2012-05-06,0.6701668,0
83181,2012-05-06,0.23578888,1
83182,2012-05-06,0.2670685,0
83183,2012-05-06,0.09166902,0
83184,2012-05-06,0.5968626,0
83185,2012-05-06,0.5076058,1
83186,2012-05-06,0.22065489,0
83187,2012-05-06,0.33074814,0
83188,2012-05-06,0.4274294,0
83189,2012-05-06,0.52580667,0
83190,2012-05-06,0.75274915,0
83191,2012-05-06,0.60748434,1
83192,2012-05-06,0.46798095,1
83193,2012-05-06,0.09854414,0
83194,2012-05-06,0.2674254,0
83195,2012-05-06,0.3202684,0
83196,2012-05-06,0.26599494,0
83197,2012-05-06,0.80257815,1
83198,2012-05-06,0.26301914,0
83199,2012-05-06,0.12514868,0
83200,2012-05-06,0.29885,0
83201,2012-05-06,0.29236928,1
83202,2012-05-06,0.39651456,0
83203,2012-05-06,0.4363859,0
83204,2012-05-06,0.46369633,1
83205,2012-05-06,0.13100523,0
83206,2012-05-06,0.11653583,1
83207,2012-05-06,0.6314859,1
83208,2012-05-06,0.2922223,1
83209,2012-05-06,0.36917102,1
83210,2012-05-06,0.127837,0
83211,2012-05-06,0.048210543,0
83212,2012-05-06,0.3420104,0
83213,2012-05-06,0.10547141,0
83214,2012-05-06,0.14672077,1
83215,2012-05-06,0.5911717,1
83216,2012-05-06,0.24081087,0
83217,2012-05-06,0.38126624,0
83218,2012-05-06,0.017190956,0
83219,2012-05-06,0.16624767,0
83220,2012-05-06,0.5379534,0
83221,2012-05-06,0.050291717,0
83222,2012-05-06,0.4043784,0
83223,2012-05-06,0.12986417,0
83224,2012-05-06,0.3868841,0
83225,2012-05-06,0.1822341,0
83226,2012-05-06,0.3612947,0
83227,2012-05-06,0.49639025,1
83228,2012-05-06,0.10037518,0
83229,2012-05-06,0.35228136,0
83230,2012-05-06,0.18506253,0
83231,2012-05-06,0.6401749,0
83232,2012-05-06,0.16367018,1
83233,2012-05-06,0.56658167,0
83234,2012-05-06,0.60376066,0
83235,2012-05-06,0.19022259,0
83236,2012-05-06,0.742881,1
83237,2012-05-06,0.303312,0
83238,2012-05-06,0.2775302,0
83239,2012-05-06,0.6655826,0
83240,2012-05-06,0.31876603,1
83241,2012-05-06,0.52202696,1
83242,2012-05-06,0.100130625,0
83243,2012-05-06,0.27687976,1
83244,2012-05-06,0.34820044,1
83245,2012-05-06,0.14923026,1
83246,2012-05-06,0.35702342,0
83247,2012-05-06,0.2024036,1
83248,2012-05-06,0.35594928,0
83249,2012-05-06,0.25030723,1
83250,2012-05-06,0.24958153,1
83251,2012-05-06,0.18198918,0
83252,2012-05-06,0.074382395,0
83253,2012-05-06,0.0798085,0
83254,2012-05-06,0.41771367,0
83255,2012-05-06,0.29668373,0
83256,2012-05-06,0.12912442,0
83257,2012-05-06,0.13934168,0
83258,2012-05-06,0.12276159,0
83259,2012-05-06,0.21694896,0
83260,2012-05-06,0.31982172,0
83261,2012-05-06,0.026194803,0
83262,2012-05-06,0.18522362,0
83263,2012-05-06,0.17436305,1
83264,2012-05-06,0.6715261,1
83265,2012-05-06,0.08994395,0
83266,2012-05-06,0.9408184,1
83267,2012-05-06,0.049133062,0
83268,2012-05-06,0.25448084,0
83269,2012-05-06,0.053138614,0
83270,2012-05-06,0.4548191,0
83271,2012-05-06,0.5929657,1
83272,2012-05-06,0.78746516,1
83273,2012-05-06,0.48852414,0
83274,2012-05-06,0.09995437,0
83275,2012-05-06,0.4111832,0
83276,2012-05-06,0.3393231,0
83277,2012-05-06,0.40101808,1
83278,2012-05-06,0.022079468,0
83279,2012-05-06,0.17352328,0
83280,2012-05-06,0.51944846,0
83281,2012-05-06,0.2445852,0
83282,2012-05-06,0.08373622,1
83283,2012-05-06,0.22297916,1
83284,2012-05-06,0.6628715,0
83285,2012-05-06,0.23624966,1
83286,2012-05-06,0.28644204,0
83287,2012-05-06,0.35847953,0
83288,2012-05-06,0.33828878,1
83289,2012-05-06,0.3685453,0
83290,2012-05-06,0.35318473,0
83291,2012-05-06,0.3829905,0
83292,2012-05-06,0.19590189,1
83293,2012-05-06,0.22275956,1
83294,2012-05-06,0.4505209,0
83295,2012-05-06,0.72379744,1
83296,2012-05-06,0.13002723,0
83297,2012-05-06,0.23970383,1
83298,2012-05-06,0.11844716,0
83299,2012-05-06,0.104185104,1
83300,2012-05-06,0.5577549,1
83301,2012-05-06,0.2829914,1
83302,2012-05-06,0.09060188,0
83303,2012-05-06,0.25636286,1
83304,2012-05-06,0.46474397,1
83305,2012-05-07,0.12668967,0
83306,2012-05-07,0.21856391,0
83307,2012-05-07,0.22140762,1
83308,2012-05-07,0.6803147,0
83309,2012-05-07,0.44563574,0
83310,2012-05-07,0.15404761,1
83311,2012-05-07,0.4313445,1
83312,2012-05-07,0.5418013,0
83313,2012-05-07,0.15896471,1
83314,2012-05-07,0.6638463,0
83315,2012-05-07,0.46312708,0
83316,2012-05-07,0.5634862,1
83317,2012-05-07,0.51918054,0
83318,2012-05-07,0.8419449,0
83319,2012-05-07,0.256716,0
83320,2012-05-07,0.43503124,0
83321,2012-05-07,0.08952907,0
83322,2012-05-07,0.087887555,0
83323,2012-05-07,0.42796242,0
83324,2012-05-07,0.76725006,1
83325,2012-05-07,0.45394236,1
83326,2012-05-07,0.6286111,0
83327,2012-05-07,0.19681121,0
83328,2012-05-07,0.23025951,0
83329,2012-05-07,0.56897247,0
83330,2012-05-07,0.6058112,1
83331,2012-05-07,0.2077703,0
83332,2012-05-07,0.15223818,1
83333,2012-05-07,0.5619849,0
83334,2012-05-07,0.5426314,1
83335,2012-05-07,0.41935503,0
83336,2012-05-07,0.30380878,0
83337,2012-05-07,0.44653526,0
83338,2012-05-07,0.347698,0
83339,2012-05-07,0.22156931,1
83340,2012-05-07,0.15273651,0
83341,2012-05-07,0.36972657,0
83342,2012-05-07,0.49562877,0
83343,2012-05-07,0.19644517,0
83344,2012-05-07,0.65683645,0
83345,2012-05-07,0.32750922,1
83346,2012-05-07,0.37936586,0
83347,2012-05-07,0.18903498,0
83348,2012-05-07,0.3852239,1
83349,2012-05-07,0.082220055,0
83350,2012-05-07,0.17477944,0
83351,2012-05-07,0.3509086,0
83352,2012-05-07,0.033238307,0
83353,2012-05-07,0.07295858,0
83354,2012-05-07,0.4440029,1
83355,2012-05-07,0.10044248,0
83356,2012-05-07,0.11096882,0
83357,2012-05-07,0.6172769,1
83358,2012-05-07,0.057257734,0
83359,2012-05-07,0.3546745,0
83360,2012-05-07,0.0935498,0
83361,2012-05-07,0.16956699,0
83362,2012-05-07,0.19169874,0
83363,2012-05-07,0.41672254,0
83364,2012-05-07,0.32147372,0
83365,2012-05-07,0.49287394,1
83366,2012-05-07,0.3724194,0
83367,2012-05-07,0.21697487,1
83368,2012-05-07,0.28463435,1
83369,2012-05-07,0.8074744,0
83370,2012-05-07,0.6516682,0
83371,2012-05-07,0.32365093,1
83372,2012-05-07,0.22887424,0
83373,2012-05-07,0.04900246,0
83374,2012-05-07,0.24656346,0
83375,2012-05-07,0.45199278,0
83376,2012-05-07,0.08373581,1
83377,2012-05-07,0.0847552,0
83378,2012-05-07,0.28783023,1
83379,2012-05-07,0.10484247,0
83380,2012-05-07,0.247488,0
83381,2012-05-07,0.2942382,0
83382,2012-05-07,0.22538854,0
83383,2012-05-07,0.34478852,1
83384,2012-05-07,0.25105372,0
83385,2012-05-07,0.23872615,0
83386,2012-05-07,0.12332319,1
83387,2012-05-07,0.13546528,1
83388,2012-05-07,0.4242497,0
83389,2012-05-07,0.14817512,0
83390,2012-05-07,0.13297121,0
83391,2012-05-07,0.6281763,0
83392,2012-05-07,0.5691767,0
83393,2012-05-07,0.49909946,0
83394,2012-05-07,0.40097022,0
83395,2012-05-07,0.38557076,0
83396,2012-05-07,0.47991088,0
83397,2012-05-07,0.79271734,0
83398,2012-05-07,0.085772805,0
83399,2012-05-07,0.0526048,0
83400,2012-05-07,0.35150838,1
83401,2012-05-07,0.12234024,0
83402,2012-05-07,0.09523274,0
83403,2012-05-07,0.44011936,0
83404,2012-05-07,0.74480504,0
83405,2012-05-07,0.35745963,1
83406,2012-05-07,0.3469913,0
83407,2012-05-07,0.19198735,0
83408,2012-05-07,0.17875373,0
83409,2012-05-07,0.07952662,0
83410,2012-05-07,0.14475848,0
83411,2012-05-07,0.36187747,0
83412,2012-05-07,0.45052248,0
83413,2012-05-07,0.16958475,1
83414,2012-05-07,0.28813824,1
83415,2012-05-07,0.31226853,1
83416,2012-05-07,0.12856483,0
83417,2012-05-07,0.0663979,0
83418,2012-05-07,0.4612989,0
83419,2012-05-07,0.32082644,0
83420,2012-05-07,0.406498,0
83421,2012-05-07,0.3857458,0
83422,2012-05-07,0.08944536,0
83423,2012-05-07,0.60584617,1
83424,2012-05-07,0.43212003,0
83425,2012-05-07,0.34104678,0
83426,2012-05-07,0.75939417,0
83427,2012-05-07,0.57564884,1
83428,2012-05-07,0.5710505,0
83429,2012-05-07,0.20689327,1
83430,2012-05-07,0.5217879,0
83431,2012-05-07,0.16361862,0
83432,2012-05-07,0.20515825,1
83433,2012-05-07,0.74493057,0
83434,2012-05-07,0.72162414,1
83435,2012-05-07,0.039611023,0
83436,2012-05-07,0.062649615,0
83437,2012-05-07,0.17310487,0
83438,2012-05-07,0.3710703,0
83439,2012-05-07,0.07057894,0
83440,2012-05-07,0.65826875,1
83441,2012-05-07,0.37422222,0
83442,2012-05-07,0.55496126,1
83443,2012-05-07,0.18526892,1
83444,2012-05-07,0.236473,1
83445,2012-05-07,0.57463896,1
83446,2012-05-07,0.30080152,1
83447,2012-05-07,0.42089212,1
83448,2012-05-07,0.34720403,0
83449,2012-05-07,0.11821089,0
83450,2012-05-07,0.41182572,0
83451,2012-05-07,0.42159823,1
83452,2012-05-07,0.3935525,1
83453,2012-05-07,0.44698533,0
83454,2012-05-07,0.03313153,0
83455,2012-05-07,0.51841414,0
83456,2012-05-07,0.13802828,1
83457,2012-05-07,0.73085743,0
83458,2012-05-07,0.31117958,0
83459,2012-05-07,0.48289698,0
83460,2012-05-07,0.060832832,0
83461,2012-05-07,0.03288264,1
83462,2012-05-07,0.7153186,1
83463,2012-05-07,0.56083304,0
83464,2012-05-07,0.10934429,0
83465,2012-05-07,0.13267095,0
83466,2012-05-07,0.107059516,1
83467,2012-05-07,0.22867067,0
83468,2012-05-07,0.07410584,0
83469,2012-05-07,0.62252545,1
83470,2012-05-07,0.62129515,0
83471,2012-05-07,0.19781195,1
83472,2012-05-07,0.41721037,0
83473,2012-05-07,0.19170712,0
83474,2012-05-07,0.27628884,1
83475,2012-05-07,0.26260325,1
83476,2012-05-07,0.7129505,0
83477,2012-05-07,0.20054665,0
83478,2012-05-07,0.12434296,0
83479,2012-05-07,0.3732428,1
83480,2012-05-07,0.07675592,0
83481,2012-05-07,0.66437286,1
83482,2012-05-07,0.26636863,0
83483,2012-05-07,0.25952443,1
83484,2012-05-07,0.17038952,0
83485,2012-05-07,0.17534976,0
83486,2012-05-07,0.78800255,0
83487,2012-05-07,0.23976132,0
83488,2012-05-07,0.1756316,0
83489,2012-05-07,0.0359444,0
83490,2012-05-07,0.23751505,1
83491,2012-05-07,0.13631679,1
83492,2012-05-07,0.08381857,0
83493,2012-05-07,0.12574932,0
83494,2012-05-07,0.09190052,0
83495,2012-05-07,0.40890574,1
83496,2012-05-07,0.37605235,0
83497,2012-05-07,0.702597,1
83498,2012-05-07,0.18303138,1
83499,2012-05-07,0.19767217,1
83500,2012-05-07,0.5204657,0
83501,2012-05-07,0.9156008,0
83502,2012-05-07,0.4856887,0
83503,2012-05-07,0.52766365,0
83504,2012-05-07,0.4175578,1
83505,2012-05-07,0.46125153,1
83506,2012-05-07,0.4995267,1
83507,2012-05-07,0.36433786,0
83508,2012-05-07,0.5443832,1
83509,2012-05-07,0.43621793,1
83510,2012-05-07,0.42172492,1
83511,2012-05-07,0.09482503,0
83512,2012-05-07,0.20687261,0
83513,2012-05-07,0.54350233,0
83514,2012-05-07,0.013008877,0
83515,2012-05-07,0.54275155,1
83516,2012-05-07,0.13546473,0
83517,2012-05-07,0.6228102,0
83518,2012-05-07,0.16576333,1
83519,2012-05-07,0.23816063,0
83520,2012-05-07,0.0985917,0
83521,2012-05-07,0.14053115,0
83522,2012-05-07,0.4320143,0
83523,2012-05-07,0.11379047,0
83524,2012-05-07,0.26735368,1
83525,2012-05-07,0.2856413,0
83526,2012-05-07,0.40828535,0
83527,2012-05-07,0.1376994,0
83528,2012-05-07,0.22009769,0
83529,2012-05-07,0.080345295,0
83530,2012-05-07,0.1218081,1
83531,2012-05-07,0.15008207,1
83532,2012-05-07,0.49612397,0
83533,2012-05-07,0.25426728,1
83534,2012-05-07,0.2918748,0
83535,2012-05-07,0.5951751,1
83536,2012-05-07,0.047475766,0
83537,2012-05-07,0.102317296,0
83538,2012-05-07,0.3298806,0
83539,2012-05-07,0.6012216,0
83540,2012-05-07,0.37126455,0
83541,2012-05-07,0.19534944,0
83542,2012-05-07,0.2417156,1
83543,2012-05-07,0.38513264,1
83544,2012-05-07,0.19550507,0
83545,2012-05-07,0.5100389,1
83546,2012-05-07,0.6206324,0
83547,2012-05-07,0.28636694,0
83548,2012-05-07,0.6143541,0
83549,2012-05-07,0.28178218,0
83550,2012-05-07,0.32740805,0
83551,2012-05-07,0.7931975,1
83552,2012-05-07,0.35897008,1
83553,2012-05-07,0.21284012,0
83554,2012-05-07,0.19526199,0
83555,2012-05-07,0.41910744,0
83556,2012-05-07,0.31639922,0
83557,2012-05-07,0.21097977,0
83558,2012-05-07,0.09116023,0
83559,2012-05-07,0.0599871,0
83560,2012-05-07,0.05784511,0
83561,2012-05-07,0.112447344,1
83562,2012-05-07,0.4830384,0
83563,2012-05-07,0.29846936,0
83564,2012-05-07,0.3587411,0
83565,2012-05-07,0.6126974,1
83566,2012-05-07,0.14274333,0
83567,2012-05-07,0.44559786,1
83568,2012-05-07,0.23446546,1
83569,2012-05-07,0.3721687,1
83570,2012-05-07,0.321616,1
83571,2012-05-07,0.52783453,0
83572,2012-05-07,0.19301108,1
83573,2012-05-07,0.37582973,0
83574,2012-05-07,0.34613666,0
83575,2012-05-07,0.33632293,1
83576,2012-05-07,0.08020681,0
83577,2012-05-07,0.32008642,1
83578,2012-05-07,0.05046092,0
83579,2012-05-07,0.442484,0
83580,2012-05-07,0.49564213,0
83581,2012-05-07,0.30482203,0
83582,2012-05-07,0.34085774,0
83583,2012-05-07,0.3763725,0
83584,2012-05-07,0.19829518,0
83585,2012-05-07,0.25750852,1
83586,2012-05-07,0.7402079,0
83587,2012-05-07,0.56583583,1
83588,2012-05-07,0.65007234,0
83589,2012-05-07,0.09287612,0
83590,2012-05-07,0.15045618,1
83591,2012-05-07,0.4382718,1
83592,2012-05-07,0.43844873,0
83593,2012-05-07,0.52540404,1
83594,2012-05-07,0.17058302,0
83595,2012-05-07,0.4283305,0
83596,2012-05-07,0.22706123,0
83597,2012-05-07,0.43529347,0
83598,2012-05-07,0.16533405,0
83599,2012-05-07,0.06516381,0
83600,2012-05-07,0.26930076,1
83601,2012-05-07,0.46315327,0
83602,2012-05-07,0.345784,0
83603,2012-05-07,0.8452952,1
83604,2012-05-07,0.050642088,0
83605,2012-05-07,0.55369794,1
83606,2012-05-07,0.7647647,1
83607,2012-05-07,0.60982734,1
83608,2012-05-07,0.551048,0
83609,2012-05-07,0.5448339,0
83610,2012-05-07,0.146596,0
83611,2012-05-07,0.07117615,0
83612,2012-05-07,0.2675221,1
83613,2012-05-07,0.4472496,0
83614,2012-05-07,0.39305258,1
83615,2012-05-07,0.27741134,0
83616,2012-05-07,0.5024672,0
83617,2012-05-07,0.111601345,0
83618,2012-05-07,0.8193966,0
83619,2012-05-07,0.67164844,0
83620,2012-05-07,0.042287923,1
83621,2012-05-07,0.3488992,0
83622,2012-05-07,0.5376434,0
83623,2012-05-07,0.337278,1
83624,2012-05-07,0.092224345,1
83625,2012-05-07,0.26675826,0
83626,2012-05-07,0.25051975,0
83627,2012-05-07,0.39225572,0
83628,2012-05-07,0.29990354,1
83629,2012-05-07,0.3236871,1
83630,2012-05-07,0.7509264,1
83631,2012-05-07,0.26098233,0
83632,2012-05-07,0.2533865,0
83633,2012-05-07,0.19526778,0
83634,2012-05-07,0.15605834,0
83635,2012-05-07,0.38134053,1
83636,2012-05-07,0.30507547,1
83637,2012-05-07,0.15340586,0
83638,2012-05-07,0.7185438,1
83639,2012-05-07,0.4973124,0
83640,2012-05-07,0.5683979,1
83641,2012-05-07,0.29689875,0
83642,2012-05-07,0.38749415,0
83643,2012-05-07,0.21536823,0
83644,2012-05-07,0.1617019,0
83645,2012-05-07,0.11821089,1
83646,2012-05-07,0.65099627,0
83647,2012-05-07,0.6225188,0
83648,2012-05-07,0.21382177,0
83649,2012-05-07,0.47995317,1
83650,2012-05-07,0.56422436,1
83651,2012-05-07,0.13538969,1
83652,2012-05-07,0.11593349,1
83653,2012-05-07,0.22186881,0
83654,2012-05-07,0.55662364,0
83655,2012-05-07,0.5469345,1
83656,2012-05-07,0.113673985,0
83657,2012-05-07,0.3488355,0
83658,2012-05-07,0.18012692,1
83659,2012-05-07,0.4348287,0
83660,2012-05-07,0.11659458,0
83661,2012-05-07,0.26223192,1
83662,2012-05-07,0.28807607,1
83663,2012-05-07,0.046707418,0
83664,2012-05-07,0.8171592,0
83665,2012-05-07,0.062064443,0
83666,2012-05-07,0.14158955,0
83667,2012-05-07,0.37463143,1
83668,2012-05-07,0.047439832,0
83669,2012-05-07,0.14004786,0
83670,2012-05-07,0.80571437,1
83671,2012-05-07,0.42753208,0
83672,2012-05-07,0.22485782,0
83673,2012-05-07,0.13480227,0
83674,2012-05-07,0.28742248,1
83675,2012-05-07,0.46221507,0
83676,2012-05-07,0.1694753,1
83677,2012-05-07,0.20525855,1
83678,2012-05-07,0.76976234,0
83679,2012-05-07,0.6505373,0
83680,2012-05-07,0.52877015,1
83681,2012-05-08,0.26120943,1
83682,2012-05-08,0.23113738,1
83683,2012-05-08,0.31083927,0
83684,2012-05-08,0.13790835,0
83685,2012-05-08,0.6851753,0
83686,2012-05-08,0.44180873,1
83687,2012-05-08,0.44105786,0
83688,2012-05-08,0.2824736,1
83689,2012-05-08,0.34984845,1
83690,2012-05-08,0.6167622,0
83691,2012-05-08,0.6618079,0
83692,2012-05-08,0.15228827,0
83693,2012-05-08,0.3710703,0
83694,2012-05-08,0.2000311,0
83695,2012-05-08,0.2555062,1
83696,2012-05-08,0.4259453,0
83697,2012-05-08,0.7998138,0
83698,2012-05-08,0.32148224,1
83699,2012-05-08,0.31323415,0
83700,2012-05-08,0.321797,1
83701,2012-05-08,0.4640949,0
83702,2012-05-08,0.47560495,0
83703,2012-05-08,0.118644625,0
83704,2012-05-08,0.2673624,0
83705,2012-05-08,0.20635784,0
83706,2012-05-08,0.26101187,1
83707,2012-05-08,0.11835982,0
83708,2012-05-08,0.46701065,0
83709,2012-05-08,0.33977664,0
83710,2012-05-08,0.021734925,0
83711,2012-05-08,0.36371085,0
83712,2012-05-08,0.5646634,0
83713,2012-05-08,0.3212288,0
83714,2012-05-08,0.44481656,1
83715,2012-05-08,0.096720494,0
83716,2012-05-08,0.61432105,1
83717,2012-05-08,0.4492525,0
83718,2012-05-08,0.48194516,0
83719,2012-05-08,0.24813898,1
83720,2012-05-08,0.104029745,0
83721,2012-05-08,0.30018345,1
83722,2012-05-08,0.18080829,0
83723,2012-05-08,0.11318439,1
83724,2012-05-08,0.78633034,0
83725,2012-05-08,0.14175123,0
83726,2012-05-08,0.49328133,0
83727,2012-05-08,0.3011585,1
83728,2012-05-08,0.15434803,0
83729,2012-05-08,0.19101772,0
83730,2012-05-08,0.54689115,0
83731,2012-05-08,0.45917514,0
83732,2012-05-08,0.67433316,1
83733,2012-05-08,0.14980455,1
83734,2012-05-08,0.1123479,0
83735,2012-05-08,0.49981874,0
83736,2012-05-08,0.62161976,0
83737,2012-05-08,0.2886502,0
83738,2012-05-08,0.5681714,0
83739,2012-05-08,0.62644315,0
83740,2012-05-08,0.17034672,0
83741,2012-05-08,0.29799575,0
83742,2012-05-08,0.48521098,1
83743,2012-05-08,0.5189259,1
83744,2012-05-08,0.6122063,0
83745,2012-05-08,0.42656687,0
83746,2012-05-08,0.20082611,1
83747,2012-05-08,0.50887346,0
83748,2012-05-08,0.11516082,1
83749,2012-05-08,0.13963142,1
83750,2012-05-08,0.61202437,0
83751,2012-05-08,0.5347216,0
83752,2012-05-08,0.12399189,0
83753,2012-05-08,0.508438,0
83754,2012-05-08,0.017215997,1
83755,2012-05-08,0.720304,0
83756,2012-05-08,0.22325183,0
83757,2012-05-08,0.104221724,0
83758,2012-05-08,0.3531735,0
83759,2012-05-08,0.8721877,1
83760,2012-05-08,0.29071987,0
83761,2012-05-08,0.48058614,0
83762,2012-05-08,0.10660046,0
83763,2012-05-08,0.9148755,0
83764,2012-05-08,0.060732055,0
83765,2012-05-08,0.03837846,0
83766,2012-05-08,0.08812284,0
83767,2012-05-08,0.60464203,0
83768,2012-05-08,0.8289267,0
83769,2012-05-08,0.14955051,0
83770,2012-05-08,0.58889264,0
83771,2012-05-08,0.19038226,1
83772,2012-05-08,0.19641298,1
83773,2012-05-08,0.336417,0
83774,2012-05-08,0.38261324,0
83775,2012-05-08,0.1929774,1
83776,2012-05-08,0.36015362,0
83777,2012-05-08,0.2848466,1
83778,2012-05-08,0.28035423,0
83779,2012-05-08,0.04586235,0
83780,2012-05-08,0.21221758,0
83781,2012-05-08,0.2518728,0
83782,2012-05-08,0.45771196,1
83783,2012-05-08,0.1442194,0
83784,2012-05-08,0.42115435,0
83785,2012-05-08,0.15796956,0
83786,2012-05-08,0.5882032,1
83787,2012-05-08,0.0778816,0
83788,2012-05-08,0.13077869,1
83789,2012-05-08,0.49359939,0
83790,2012-05-08,0.19848284,0
83791,2012-05-08,0.49624988,0
83792,2012-05-08,0.41088378,1
83793,2012-05-08,0.0629263,0
83794,2012-05-08,0.64464825,1
83795,2012-05-08,0.015653867,0
83796,2012-05-08,0.36540848,1
83797,2012-05-08,0.7224426,0
83798,2012-05-08,0.24399276,1
83799,2012-05-08,0.33905068,1
83800,2012-05-08,0.27702212,0
83801,2012-05-08,0.110967316,1
83802,2012-05-09,0.23522751,0
83803,2012-05-09,0.6369445,0
83804,2012-05-09,0.19388494,0
83805,2012-05-09,0.09468224,0
83806,2012-05-09,0.07369571,1
83807,2012-05-09,0.0131332,0
83808,2012-05-09,0.14430484,1
83809,2012-05-09,0.30800045,0
83810,2012-05-09,0.27405748,1
83811,2012-05-09,0.30768487,0
83812,2012-05-09,0.32207197,0
83813,2012-05-09,0.044515453,0
83814,2012-05-09,0.12355288,0
83815,2012-05-09,0.29961848,0
83816,2012-05-09,0.29846257,0
83817,2012-05-09,0.3736447,0
83818,2012-05-09,0.5275076,1
83819,2012-05-09,0.7597047,1
83820,2012-05-09,0.23475622,0
83821,2012-05-09,0.11136372,0
83822,2012-05-09,0.29392344,0
83823,2012-05-09,0.149455,0
83824,2012-05-09,0.14079987,0
83825,2012-05-09,0.8836545,0
83826,2012-05-09,0.4938462,1
83827,2012-05-09,0.70476276,1
83828,2012-05-09,0.6301839,1
83829,2012-05-09,0.35218012,1
83830,2012-05-09,0.16329911,0
83831,2012-05-09,0.118164614,0
83832,2012-05-09,0.21822347,0
83833,2012-05-09,0.26212943,0
83834,2012-05-09,0.4800191,0
83835,2012-05-09,0.2681911,0
83836,2012-05-09,0.22349054,0
83837,2012-05-09,0.12193158,1
83838,2012-05-09,0.10113229,0
83839,2012-05-09,0.39114615,0
83840,2012-05-09,0.3872167,1
83841,2012-05-09,0.33543962,0
83842,2012-05-09,0.06272673,0
83843,2012-05-09,0.6498286,1
83844,2012-05-09,0.21902113,0
83845,2012-05-09,0.51836944,1
83846,2012-05-09,0.09544888,0
83847,2012-05-09,0.20480812,1
83848,2012-05-09,0.68339175,1
83849,2012-05-09,0.2991589,1
83850,2012-05-09,0.27300736,0
83851,2012-05-09,0.48883814,1
83852,2012-05-09,0.13470022,0
83853,2012-05-09,0.38629994,0
83854,2012-05-09,0.17737721,0
83855,2012-05-09,0.25223228,1
83856,2012-05-09,0.32184246,0
83857,2012-05-09,0.11992653,0
83858,2012-05-09,0.27261388,1
83859,2012-05-09,0.33323455,1
83860,2012-05-09,0.49864173,0
83861,2012-05-09,0.14734359,0
83862,2012-05-09,0.86888045,1
83863,2012-05-09,0.3918589,1
83864,2012-05-09,0.20195842,1
83865,2012-05-09,0.34998035,0
83866,2012-05-09,0.20987661,0
83867,2012-05-09,0.33160174,0
83868,2012-05-09,0.14117178,0
83869,2012-05-09,0.1900794,0
83870,2012-05-09,0.43671578,0
83871,2012-05-09,0.40992734,1
83872,2012-05-09,0.07442147,0
83873,2012-05-09,0.6001843,0
83874,2012-05-09,0.1289045,1
83875,2012-05-09,0.48119593,0
83876,2012-05-09,0.40166444,1
83877,2012-05-09,0.52925134,1
83878,2012-05-09,0.12689252,1
83879,2012-05-09,0.048986774,0
83880,2012-05-09,0.82705116,0
83881,2012-05-09,0.089350335,0
83882,2012-05-09,0.32368755,1
83883,2012-05-09,0.41407856,1
83884,2012-05-09,0.2503505,1
83885,2012-05-09,0.4956926,1
83886,2012-05-09,0.635917,1
83887,2012-05-09,0.35435957,1
83888,2012-05-09,0.26106736,0
83889,2012-05-09,0.2635172,0
83890,2012-05-09,0.23965758,1
83891,2012-05-09,0.59996754,0
83892,2012-05-09,0.32308352,0
83893,2012-05-09,0.27825117,0
83894,2012-05-09,0.09635663,0
83895,2012-05-09,0.25762236,0
83896,2012-05-09,0.28217566,0
83897,2012-05-09,0.3933674,1
83898,2012-05-09,0.44589153,1
83899,2012-05-09,0.30578992,0
83900,2012-05-09,0.25632572,0
83901,2012-05-09,0.18571936,0
83902,2012-05-09,0.28368783,0
83903,2012-05-10,0.253077,0
83904,2012-05-10,0.24709313,1
83905,2012-05-10,0.098607294,0
83906,2012-05-10,0.108282134,0
83907,2012-05-10,0.59299016,1
83908,2012-05-10,0.07681642,1
83909,2012-05-10,0.75950795,1
83910,2012-05-10,0.079498366,1
83911,2012-05-10,0.16286094,0
83912,2012-05-10,0.73638153,0
83913,2012-05-10,0.04083897,0
83914,2012-05-10,0.09220997,0
83915,2012-05-10,0.11543639,1
83916,2012-05-10,0.08329873,0
83917,2012-05-10,0.6989385,1
83918,2012-05-10,0.597674,1
83919,2012-05-10,0.296878,0
83920,2012-05-10,0.4931633,0
83921,2012-05-10,0.091289416,0
83922,2012-05-10,0.15638995,0
83923,2012-05-10,0.6021811,1
83924,2012-05-10,0.66248816,0
83925,2012-05-10,0.33728525,1
83926,2012-05-10,0.08731331,0
83927,2012-05-10,0.5728914,1
83928,2012-05-10,0.048013054,0
83929,2012-05-10,0.6233639,1
83930,2012-05-10,0.30191073,1
83931,2012-05-10,0.6459692,1
83932,2012-05-10,0.8806172,1
83933,2012-05-10,0.8441616,1
83934,2012-05-10,0.093412094,0
83935,2012-05-10,0.23739347,1
83936,2012-05-10,0.391996,0
83937,2012-05-10,0.62984353,1
83938,2012-05-10,0.18398477,0
83939,2012-05-10,0.10334869,0
83940,2012-05-10,0.09070697,1
83941,2012-05-10,0.043665018,1
83942,2012-05-10,0.6168599,0
83943,2012-05-10,0.582015,0
83944,2012-05-10,0.4032573,0
83945,2012-05-10,0.14375845,0
83946,2012-05-10,0.658008,0
83947,2012-05-10,0.1307846,0
83948,2012-05-10,0.40077412,1
83949,2012-05-10,0.15036786,0
83950,2012-05-10,0.464356,0
83951,2012-05-10,0.43225875,0
83952,2012-05-10,0.20245738,1
83953,2012-05-10,0.09425678,0
83954,2012-05-10,0.14214042,0
83955,2012-05-10,0.5110502,0
83956,2012-05-10,0.23259564,0
83957,2012-05-10,0.29617378,1
83958,2012-05-10,0.034768853,0
83959,2012-05-10,0.4814608,1
83960,2012-05-10,0.28552955,1
83961,2012-05-10,0.22308822,1
83962,2012-05-10,0.37588748,0
83963,2012-05-10,0.013642679,0
83964,2012-05-10,0.23638013,0
83965,2012-05-10,0.86765,0
83966,2012-05-10,0.30751562,1
83967,2012-05-10,0.5332304,0
83968,2012-05-10,0.48008797,1
83969,2012-05-10,0.5737793,1
83970,2012-05-10,0.93237334,1
83971,2012-05-10,0.31069255,0
83972,2012-05-10,0.17680266,0
83973,2012-05-10,0.34520385,0
83974,2012-05-10,0.54666406,0
83975,2012-05-10,0.2961846,0
83976,2012-05-10,0.62230396,1
83977,2012-05-10,0.42565095,1
83978,2012-05-10,0.3767119,0
83979,2012-05-10,0.24190292,0
83980,2012-05-10,0.109554335,1
83981,2012-05-10,0.16491684,0
83982,2012-05-10,0.3354042,1
83983,2012-05-10,0.41378555,1
83984,2012-05-10,0.39391017,0
83985,2012-05-10,0.07253133,0
83986,2012-05-10,0.27905264,0
83987,2012-05-10,0.05719105,1
83988,2012-05-10,0.44403726,0
83989,2012-05-10,0.33435562,0
83990,2012-05-10,0.1846028,0
83991,2012-05-10,0.503279,1
83992,2012-05-10,0.22251,0
83993,2012-05-10,0.3227634,1
83994,2012-05-10,0.42075086,0
83995,2012-05-10,0.4229095,1
83996,2012-05-10,0.14300284,0
83997,2012-05-10,0.3256996,0
83998,2012-05-10,0.04887808,0
83999,2012-05-10,0.29149708,0
84000,2012-05-10,0.06917098,1
84001,2012-05-10,0.1641958,0
84002,2012-05-10,0.06325822,0
84003,2012-05-10,0.81490576,1
84004,2012-05-10,0.4453194,1
84005,2012-05-10,0.026763996,0
84006,2012-05-10,0.47317493,0
84007,2012-05-10,0.33075157,0
84008,2012-05-10,0.016088685,0
84009,2012-05-10,0.30140358,0
84010,2012-05-10,0.82978344,0
84011,2012-05-10,0.106467366,0
84012,2012-05-10,0.09541284,0
84013,2012-05-10,0.34780595,0
84014,2012-05-10,0.4306071,0
84015,2012-05-10,0.2366692,0
84016,2012-05-10,0.50474954,1
84017,2012-05-10,0.5513837,1
84018,2012-05-10,0.7254079,1
84019,2012-05-10,0.8502359,1
84020,2012-05-10,0.6891624,1
84021,2012-05-10,0.10390951,0
84022,2012-05-10,0.19238526,0
84023,2012-05-10,0.28938487,1
84024,2012-05-10,0.19636634,0
84025,2012-05-10,0.47084767,1
84026,2012-05-10,0.58789885,0
84027,2012-05-10,0.61766756,0
84028,2012-05-10,0.27323958,0
84029,2012-05-10,0.32974645,0
84030,2012-05-10,0.17576297,0
84031,2012-05-10,0.1440449,0
84032,2012-05-10,0.49280503,0
84033,2012-05-10,0.5109172,0
84034,2012-05-10,0.09786193,1
84035,2012-05-10,0.22189276,0
84036,2012-05-10,0.072872676,0
84037,2012-05-10,0.14805917,1
84038,2012-05-10,0.50401235,0
84039,2012-05-10,0.099658035,1
84040,2012-05-10,0.49112836,1
84041,2012-05-10,0.08335557,0
84042,2012-05-10,0.049278,0
84043,2012-05-10,0.77780515,1
84044,2012-05-10,0.32436797,0
84045,2012-05-10,0.6114782,0
84046,2012-05-10,0.5789823,0
84047,2012-05-10,0.48786452,1
84048,2012-05-10,0.72707164,1
84049,2012-05-10,0.5515346,1
84050,2012-05-10,0.5827806,0
84051,2012-05-10,0.3645915,1
84052,2012-05-10,0.1811479,0
84053,2012-05-10,0.16902438,0
84054,2012-05-10,0.6116479,1
84055,2012-05-10,0.14671436,0
84056,2012-05-10,0.33221748,1
84057,2012-05-10,0.031363018,0
84058,2012-05-10,0.0611598,1
84059,2012-05-10,0.23745094,1
84060,2012-05-10,0.15097238,1
84061,2012-05-10,0.16469537,0
84062,2012-05-10,0.20935637,0
84063,2012-05-10,0.029004637,0
84064,2012-05-10,0.5158368,1
84065,2012-05-10,0.11711377,0
84066,2012-05-10,0.12941283,0
84067,2012-05-10,0.24659084,0
84068,2012-05-10,0.6356909,1
84069,2012-05-10,0.7395115,0
84070,2012-05-10,0.54742354,1
84071,2012-05-10,0.39097393,0
84072,2012-05-10,0.49311447,1
84073,2012-05-10,0.09583186,1
84074,2012-05-10,0.1307727,0
84075,2012-05-10,0.73906434,0
84076,2012-05-10,0.59739894,1
84077,2012-05-10,0.1840621,0
84078,2012-05-10,0.061796166,0
84079,2012-05-10,0.14333947,1
84080,2012-05-10,0.23335914,1
84081,2012-05-10,0.17363223,0
84082,2012-05-10,0.48578522,1
84083,2012-05-10,0.63094807,0
84084,2012-05-10,0.5416116,1
84085,2012-05-10,0.08728079,0
84086,2012-05-10,0.3299273,0
84087,2012-05-10,0.80661184,1
84088,2012-05-10,0.39357722,1
84089,2012-05-10,0.1080608,0
84090,2012-05-10,0.049682923,1
84091,2012-05-10,0.077383116,0
84092,2012-05-10,0.07951447,0
84093,2012-05-10,0.51579654,1
84094,2012-05-10,0.3431177,0
84095,2012-05-10,0.54572207,0
84096,2012-05-10,0.16899143,0
84097,2012-05-10,0.1460765,1
84098,2012-05-10,0.31913713,0
84099,2012-05-10,0.063241735,0
84100,2012-05-10,0.37128153,1
84101,2012-05-10,0.17968695,0
84102,2012-05-10,0.31446376,1
84103,2012-05-10,0.17823216,0
84104,2012-05-10,0.19514097,0
84105,2012-05-10,0.2635491,0
84106,2012-05-10,0.12037779,1
84107,2012-05-10,0.15746067,1
84108,2012-05-10,0.3501338,1
84109,2012-05-10,0.12993757,0
84110,2012-05-10,0.50539887,0
84111,2012-05-10,0.8122111,1
84112,2012-05-10,0.1725936,1
84113,2012-05-10,0.2630981,0
84114,2012-05-10,0.6050753,1
84115,2012-05-10,0.10911933,1
84116,2012-05-10,0.17573167,0
84117,2012-05-10,0.1887893,0
84118,2012-05-10,0.42624217,0
84119,2012-05-10,0.5291127,0
84120,2012-05-10,0.26528224,0
84121,2012-05-10,0.10873745,0
84122,2012-05-10,0.074266635,1
84123,2012-05-10,0.34230554,1
84124,2012-05-10,0.02546116,0
84125,2012-05-10,0.11346695,0
84126,2012-05-10,0.85606664,1
84127,2012-05-10,0.3284515,0
84128,2012-05-10,0.15663585,1
84129,2012-05-10,0.41910434,1
84130,2012-05-10,0.040572215,0
84131,2012-05-10,0.36169073,0
84132,2012-05-10,0.6162499,0
84133,2012-05-10,0.19206712,0
84134,2012-05-10,0.39688504,0
84135,2012-05-10,0.39327663,0
84136,2012-05-10,0.8347846,1
84137,2012-05-10,0.79128236,1
84138,2012-05-10,0.53763294,0
84139,2012-05-10,0.44147542,0
84140,2012-05-10,0.33964005,0
84141,2012-05-10,0.5816641,0
84142,2012-05-10,0.32047096,0
84143,2012-05-10,0.16727982,0
84144,2012-05-10,0.20982426,0
84145,2012-05-10,0.115662925,1
84146,2012-05-10,0.4299492,0
84147,2012-05-10,0.09079662,0
84148,2012-05-10,0.14088982,0
84149,2012-05-10,0.24168949,1
84150,2012-05-10,0.14731163,0
84151,2012-05-10,0.37128535,1
84152,2012-05-10,0.4185173,1
84153,2012-05-10,0.29771638,1
84154,2012-05-10,0.18064015,0
84155,2012-05-10,0.12783682,1
84156,2012-05-10,0.088999964,0
84157,2012-05-10,0.68059045,0
84158,2012-05-10,0.7274493,1
84159,2012-05-10,0.39536807,0
84160,2012-05-10,0.28202698,1
84161,2012-05-10,0.7450543,1
84162,2012-05-10,0.27054805,1
84163,2012-05-10,0.6012385,0
84164,2012-05-10,0.19309567,0
84165,2012-05-10,0.27422354,0
84166,2012-05-10,0.60880446,0
84167,2012-05-10,0.61965835,0
84168,2012-05-10,0.057938866,0
84169,2012-05-10,0.78398645,1
84170,2012-05-10,0.43107104,0
84171,2012-05-10,0.6038203,1
84172,2012-05-10,0.6650109,0
84173,2012-05-10,0.54864544,1
84174,2012-05-10,0.18277936,0
84175,2012-05-10,0.92854446,0
84176,2012-05-10,0.4682155,0
84177,2012-05-10,0.52682155,0
84178,2012-05-10,0.44265378,0
84179,2012-05-10,0.15794875,0
84180,2012-05-10,0.27470827,0
84181,2012-05-10,0.09356469,1
84182,2012-05-10,0.13796978,0
84183,2012-05-10,0.36151218,0
84184,2012-05-10,0.2634936,0
84185,2012-05-10,0.020587325,0
84186,2012-05-10,0.32272467,1
84187,2012-05-10,0.48105654,0
84188,2012-05-10,0.034503408,0
84189,2012-05-11,0.4605039,1
84190,2012-05-11,0.13930185,1
84191,2012-05-11,0.22123997,0
84192,2012-05-11,0.5955162,0
84193,2012-05-11,0.25886813,1
84194,2012-05-11,0.4931587,1
84195,2012-05-11,0.2543426,0
84196,2012-05-11,0.13206255,0
84197,2012-05-11,0.24764141,0
84198,2012-05-11,0.79313153,1
84199,2012-05-11,0.018422257,1
84200,2012-05-11,0.6955869,0
84201,2012-05-11,0.32546747,1
84202,2012-05-11,0.25981525,0
84203,2012-05-11,0.29072806,1
84204,2012-05-11,0.117017366,0
84205,2012-05-11,0.08110658,0
84206,2012-05-11,0.8177282,1
84207,2012-05-11,0.27252114,0
84208,2012-05-11,0.6195575,1
84209,2012-05-11,0.25096622,0
84210,2012-05-11,0.17243826,0
84211,2012-05-11,0.43632898,0
84212,2012-05-11,0.7250114,0
84213,2012-05-11,0.4022849,0
84214,2012-05-11,0.21155787,0
84215,2012-05-11,0.31784153,1
84216,2012-05-11,0.32692632,1
84217,2012-05-11,0.52291554,1
84218,2012-05-11,0.1280073,0
84219,2012-05-11,0.6063603,1
84220,2012-05-11,0.3312238,0
84221,2012-05-11,0.034728087,0
84222,2012-05-11,0.1418972,1
84223,2012-05-11,0.06842309,0
84224,2012-05-11,0.49857038,1
84225,2012-05-11,0.35009873,0
84226,2012-05-11,0.58555377,0
84227,2012-05-11,0.09158676,0
84228,2012-05-11,0.4934088,0
84229,2012-05-11,0.21814556,1
84230,2012-05-11,0.36481997,1
84231,2012-05-11,0.56756896,0
84232,2012-05-11,0.6572568,1
84233,2012-05-11,0.2690954,0
84234,2012-05-11,0.19011588,1
84235,2012-05-11,0.761793,0
84236,2012-05-11,0.07012518,0
84237,2012-05-11,0.11061547,0
84238,2012-05-11,0.9121064,1
84239,2012-05-11,0.041758306,0
84240,2012-05-11,0.05054495,0
84241,2012-05-11,0.03226694,0
84242,2012-05-11,0.5124138,1
84243,2012-05-11,0.49182853,1
84244,2012-05-11,0.07794055,0
84245,2012-05-11,0.37192285,0
84246,2012-05-11,0.107237585,0
84247,2012-05-11,0.0404721,0
84248,2012-05-11,0.5022642,0
84249,2012-05-11,0.47360772,0
84250,2012-05-11,0.32981896,0
84251,2012-05-11,0.15928587,0
84252,2012-05-11,0.1138151,0
84253,2012-05-11,0.2337096,1
84254,2012-05-11,0.1408558,0
84255,2012-05-11,0.020479742,0
84256,2012-05-11,0.06838985,0
84257,2012-05-11,0.36490378,1
84258,2012-05-11,0.41282752,1
84259,2012-05-11,0.5584449,1
84260,2012-05-11,0.10467388,0
84261,2012-05-11,0.089599,0
84262,2012-05-11,0.10801271,0
84263,2012-05-11,0.3905369,0
84264,2012-05-11,0.47239462,0
84265,2012-05-11,0.27810583,1
84266,2012-05-11,0.24747539,0
84267,2012-05-11,0.17815803,0
84268,2012-05-11,0.2792974,0
84269,2012-05-11,0.71534127,1
84270,2012-05-11,0.13615657,0
84271,2012-05-11,0.2124847,1
84272,2012-05-11,0.3787729,0
84273,2012-05-11,0.15454715,0
84274,2012-05-11,0.20664802,1
84275,2012-05-11,0.17452854,0
84276,2012-05-11,0.19806713,1
84277,2012-05-11,0.40775365,0
84278,2012-05-11,0.3833178,1
84279,2012-05-11,0.4739107,0
84280,2012-05-11,0.35945067,1
84281,2012-05-11,0.5816023,1
84282,2012-05-11,0.4663822,1
84283,2012-05-11,0.28161255,0
84284,2012-05-11,0.5095279,0
84285,2012-05-11,0.09676617,1
84286,2012-05-11,0.20838706,0
84287,2012-05-11,0.18032224,1
84288,2012-05-11,0.25055817,1
84289,2012-05-11,0.3065613,1
84290,2012-05-11,0.45559776,1
84291,2012-05-11,0.15977816,0
84292,2012-05-11,0.19387308,0
84293,2012-05-11,0.5219236,0
84294,2012-05-11,0.14677916,1
84295,2012-05-11,0.06455445,1
84296,2012-05-11,0.7494138,1
84297,2012-05-11,0.20620878,0
84298,2012-05-11,0.25588426,0
84299,2012-05-11,0.5515858,1
84300,2012-05-11,0.39548433,0
84301,2012-05-11,0.3536706,1
84302,2012-05-11,0.20140247,0
84303,2012-05-11,0.532572,0
84304,2012-05-11,0.42958307,1
84305,2012-05-11,0.3283284,0
84306,2012-05-11,0.20338915,0
84307,2012-05-11,0.054844078,0
84308,2012-05-11,0.46477857,0
84309,2012-05-11,0.78349525,1
84310,2012-05-11,0.6389905,1
84311,2012-05-11,0.041989487,0
84312,2012-05-11,0.26073086,1
84313,2012-05-11,0.16973886,1
84314,2012-05-11,0.47190648,0
84315,2012-05-11,0.19619049,0
84316,2012-05-11,0.06207117,1
84317,2012-05-11,0.5963255,0
84318,2012-05-11,0.7024222,1
84319,2012-05-11,0.40844598,0
84320,2012-05-11,0.5581472,1
84321,2012-05-11,0.39131662,1
84322,2012-05-11,0.06467269,0
84323,2012-05-11,0.3653823,1
84324,2012-05-11,0.62367135,1
84325,2012-05-11,0.4080353,0
84326,2012-05-11,0.105924666,1
84327,2012-05-11,0.47190648,0
84328,2012-05-11,0.28869036,0
84329,2012-05-11,0.14712691,1
84330,2012-05-11,0.32252377,1
84331,2012-05-11,0.38693783,0
84332,2012-05-11,0.42009678,0
84333,2012-05-11,0.79285103,1
84334,2012-05-11,0.6202121,0
84335,2012-05-11,0.29015777,0
84336,2012-05-11,0.56288284,0
84337,2012-05-11,0.10340809,1
84338,2012-05-11,0.17672919,0
84339,2012-05-11,0.6815815,0
84340,2012-05-11,0.2158263,0
84341,2012-05-11,0.09397504,0
84342,2012-05-11,0.34942704,0
84343,2012-05-11,0.2363897,1
84344,2012-05-11,0.41918835,0
84345,2012-05-11,0.14655496,0
84346,2012-05-11,0.5382314,1
84347,2012-05-11,0.32747743,0
84348,2012-05-11,0.08088349,0
84349,2012-05-11,0.5336661,1
84350,2012-05-11,0.7579412,0
84351,2012-05-11,0.019542625,0
84352,2012-05-11,0.30237433,0
84353,2012-05-11,0.34942943,0
84354,2012-05-11,0.11265582,0
84355,2012-05-11,0.27419415,0
84356,2012-05-11,0.52921,0
84357,2012-05-11,0.10476127,0
84358,2012-05-11,0.6366725,0
84359,2012-05-11,0.08383899,0
84360,2012-05-11,0.3360687,0
84361,2012-05-11,0.10141557,1
84362,2012-05-11,0.38511,0
84363,2012-05-11,0.6975311,1
84364,2012-05-11,0.09656416,0
84365,2012-05-11,0.67022574,0
84366,2012-05-11,0.05715256,1
84367,2012-05-11,0.094794564,0
84368,2012-05-11,0.38828376,1
84369,2012-05-11,0.30266413,0
84370,2012-05-11,0.28668153,0
84371,2012-05-11,0.42322308,0
84372,2012-05-11,0.66955507,1
84373,2012-05-11,0.112097986,0
84374,2012-05-11,0.59030986,0
84375,2012-05-11,0.31411007,1
84376,2012-05-11,0.09858331,0
84377,2012-05-11,0.37177342,0
84378,2012-05-11,0.39647776,1
84379,2012-05-11,0.0998338,0
84380,2012-05-11,0.3283284,0
84381,2012-05-11,0.54664075,1
84382,2012-05-11,0.69690853,0
84383,2012-05-11,0.118716426,0
84384,2012-05-11,0.5230773,1
84385,2012-05-11,0.48254076,1
84386,2012-05-11,0.010320956,0
84387,2012-05-11,0.11910013,0
84388,2012-05-11,0.23703559,1
84389,2012-05-11,0.6095387,1
84390,2012-05-11,0.52570015,0
84391,2012-05-11,0.55503696,0
84392,2012-05-11,0.4634499,0
84393,2012-05-11,0.21888019,0
84394,2012-05-11,0.13179359,1
84395,2012-05-11,0.22579311,1
84396,2012-05-11,0.31041056,0
84397,2012-05-11,0.69150543,1
84398,2012-05-11,0.27427152,0
84399,2012-05-11,0.09104452,1
84400,2012-05-11,0.26569268,0
84401,2012-05-11,0.10611003,0
84402,2012-05-11,0.41700262,1
84403,2012-05-11,0.40196687,1
84404,2012-05-11,0.29237708,1
84405,2012-05-11,0.105997816,0
84406,2012-05-11,0.70898837,1
84407,2012-05-11,0.31498367,0
84408,2012-05-11,0.2624034,0
84409,2012-05-11,0.08165639,0
84410,2012-05-11,0.5328513,1
84411,2012-05-11,0.10977916,1
84412,2012-05-11,0.3578375,0
84413,2012-05-11,0.13108091,1
84414,2012-05-11,0.69265133,1
84415,2012-05-11,0.019874986,0
84416,2012-05-11,0.49286455,0
84417,2012-05-11,0.58146626,0
84418,2012-05-11,0.13070133,0
84419,2012-05-11,0.43590304,0
84420,2012-05-11,0.19384535,0
84421,2012-05-11,0.49997753,0
84422,2012-05-11,0.3102917,1
84423,2012-05-11,0.76387984,1
84424,2012-05-11,0.49992633,1
84425,2012-05-11,0.33160922,1
84426,2012-05-11,0.71440524,0
84427,2012-05-11,0.18468592,1
84428,2012-05-11,0.5040314,0
84429,2012-05-11,0.6017133,1
84430,2012-05-11,0.7630759,0
84431,2012-05-11,0.46245337,1
84432,2012-05-11,0.6661384,1
84433,2012-05-11,0.47105777,0
84434,2012-05-11,0.4802091,1
84435,2012-05-11,0.5793698,0
84436,2012-05-11,0.20507792,1
84437,2012-05-11,0.7641658,0
84438,2012-05-11,0.121718846,1
84439,2012-05-11,0.83494747,1
84440,2012-05-11,0.6980859,0
84441,2012-05-11,0.23981574,0
84442,2012-05-11,0.11565542,0
84443,2012-05-11,0.52937317,0
84444,2012-05-11,0.37200332,1
84445,2012-05-11,0.19676816,1
84446,2012-05-11,0.14803493,0
84447,2012-05-11,0.41876096,0
84448,2012-05-11,0.23466429,0
84449,2012-05-11,0.12749253,1
84450,2012-05-11,0.04112179,1
84451,2012-05-11,0.22486429,0
84452,2012-05-11,0.6530352,1
84453,2012-05-11,0.25116986,0
84454,2012-05-11,0.6530894,1
84455,2012-05-11,0.7806999,1
84456,2012-05-11,0.20055474,0
84457,2012-05-11,0.5787425,1
84458,2012-05-11,0.072643064,0
84459,2012-05-11,0.32445148,0
84460,2012-05-11,0.44575605,1
84461,2012-05-11,0.45235458,0
84462,2012-05-11,0.37394908,0
84463,2012-05-11,0.35226983,1
84464,2012-05-11,0.11471322,1
84465,2012-05-11,0.79567987,1
84466,2012-05-11,0.23377568,0
84467,2012-05-11,0.05203086,0
84468,2012-05-11,0.7524925,0
84469,2012-05-11,0.07980155,0
84470,2012-05-11,0.114244446,0
84471,2012-05-11,0.32388476,1
84472,2012-05-11,0.34914124,0
84473,2012-05-11,0.89107704,0
84474,2012-05-11,0.42715326,1
84475,2012-05-11,0.13617972,0
84476,2012-05-11,0.22802001,0
84477,2012-05-11,0.23794994,0
84478,2012-05-11,0.042645227,0
84479,2012-05-11,0.15169574,0
84480,2012-05-11,0.14876786,0
84481,2012-05-11,0.08969476,0
84482,2012-05-11,0.06065733,0
84483,2012-05-11,0.41497055,0
84484,2012-05-11,0.18293813,1
84485,2012-05-11,0.35697585,0
84486,2012-05-11,0.47561467,0
84487,2012-05-11,0.2941806,1
84488,2012-05-11,0.31661367,0
84489,2012-05-11,0.52335346,0
84490,2012-05-11,0.24636963,1
84491,2012-05-11,0.14965685,1
84492,2012-05-11,0.813414,0
84493,2012-05-11,0.51682514,0
84494,2012-05-11,0.085132666,1
84495,2012-05-11,0.25485668,1
84496,2012-05-11,0.10536496,0
84497,2012-05-11,0.4508442,1
84498,2012-05-11,0.4832898,1
84499,2012-05-11,0.21435316,1
84500,2012-05-11,0.3860255,0
84501,2012-05-11,0.3166463,0
84502,2012-05-11,0.14084195,1
84503,2012-05-11,0.65756214,1
84504,2012-05-11,0.24274795,1
84505,2012-05-11,0.25271276,0
84506,2012-05-11,0.039430346,0
84507,2012-05-11,0.5451016,1
84508,2012-05-11,0.5164554,0
84509,2012-05-11,0.5027295,0
84510,2012-05-11,0.7485936,1
84511,2012-05-11,0.41774037,1
84512,2012-05-11,0.066211656,0
84513,2012-05-11,0.1106244,0
84514,2012-05-11,0.24599233,0
84515,2012-05-11,0.29636395,0
84516,2012-05-11,0.6168232,1
84517,2012-05-11,0.19106284,0
84518,2012-05-11,0.7098987,0
84519,2012-05-11,0.3352097,0
84520,2012-05-11,0.57970184,1
84521,2012-05-11,0.22596902,1
84522,2012-05-11,0.54801565,1
84523,2012-05-11,0.28405023,0
84524,2012-05-11,0.6532314,1
84525,2012-05-11,0.14645083,0
84526,2012-05-11,0.2973493,0
84527,2012-05-11,0.36934784,1
84528,2012-05-11,0.70895416,1
84529,2012-05-11,0.26760864,1
84530,2012-05-11,0.5271648,0
84531,2012-05-11,0.7161984,0
84532,2012-05-11,0.21229476,0
84533,2012-05-11,0.3766892,1
84534,2012-05-11,0.7676674,0
84535,2012-05-11,0.6231688,1
84536,2012-05-11,0.6020504,1
84537,2012-05-11,0.27630126,0
84538,2012-05-11,0.34893987,0
84539,2012-05-11,0.5837931,1
84540,2012-05-11,0.046211056,0
84541,2012-05-11,0.13339381,0
84542,2012-05-11,0.22676198,0
84543,2012-05-11,0.32985377,0
84544,2012-05-11,0.05090948,0
84545,2012-05-11,0.48863125,0
84546,2012-05-11,0.44816375,0
84547,2012-05-11,0.106823646,0
84548,2012-05-11,0.11425802,0
84549,2012-05-11,0.32050836,1
84550,2012-05-11,0.27635187,0
84551,2012-05-11,0.30012727,0
84552,2012-05-11,0.12428304,0
84553,2012-05-11,0.61270946,1
84554,2012-05-11,0.01970516,0
84555,2012-05-11,0.14276397,0
84556,2012-05-11,0.87116617,0
84557,2012-05-11,0.47231477,1
84558,2012-05-11,0.26504955,0
84559,2012-05-11,0.5191062,0
84560,2012-05-11,0.18100587,0
84561,2012-05-11,0.25366762,0
84562,2012-05-11,0.62670195,0
84563,2012-05-11,0.04758384,1
84564,2012-05-11,0.21363075,0
84565,2012-05-11,0.30259198,0
84566,2012-05-11,0.41120502,0
84567,2012-05-11,0.4550876,0
84568,2012-05-11,0.6601642,0
84569,2012-05-11,0.13873562,0
84570,2012-05-11,0.64440167,1
84571,2012-05-11,0.21196757,0
84572,2012-05-11,0.3616742,0
84573,2012-05-11,0.56926596,0
84574,2012-05-11,0.30613816,0
84575,2012-05-11,0.047386788,0
84576,2012-05-11,0.3313989,1
84577,2012-05-11,0.18306406,1
84578,2012-05-11,0.43327874,1
84579,2012-05-11,0.1222155,0
84580,2012-05-11,0.4475258,0
84581,2012-05-11,0.2884742,1
84582,2012-05-11,0.95518786,1
84583,2012-05-11,0.06666291,0
84584,2012-05-11,0.08229673,1
84585,2012-05-11,0.57980025,1
84586,2012-05-11,0.69395703,1
84587,2012-05-11,0.3206554,0
84588,2012-05-11,0.4404607,1
84589,2012-05-11,0.12194755,0
84590,2012-05-11,0.52859473,1
84591,2012-05-11,0.051595114,0
84592,2012-05-11,0.2973358,0
84593,2012-05-11,0.6251795,0
84594,2012-05-11,0.33413395,1
84595,2012-05-11,0.5001742,0
84596,2012-05-11,0.44235387,0
84597,2012-05-11,0.2774529,0
84598,2012-05-11,0.06386963,0
84599,2012-05-11,0.5797183,1
84600,2012-05-11,0.49554357,0
84601,2012-05-11,0.17801335,0
84602,2012-05-11,0.29240668,0
84603,2012-05-11,0.1100514,1
84604,2012-05-11,0.31287318,1
84605,2012-05-11,0.685328,0
84606,2012-05-11,0.2468498,0
84607,2012-05-11,0.4050866,0
84608,2012-05-11,0.5348425,0
84609,2012-05-11,0.08506004,0
84610,2012-05-11,0.19251694,0
84611,2012-05-11,0.5083088,1
84612,2012-05-11,0.33112663,1
84613,2012-05-11,0.255812,0
84614,2012-05-11,0.18829127,0
84615,2012-05-11,0.14974469,1
84616,2012-05-11,0.1516304,0
84617,2012-05-11,0.32888338,0
84618,2012-05-11,0.41554743,0
84619,2012-05-11,0.091594204,1
84620,2012-05-11,0.28543597,0
84621,2012-05-11,0.100967534,0
84622,2012-05-11,0.18397021,1
84623,2012-05-11,0.51012766,0
84624,2012-05-11,0.25462234,0
84625,2012-05-11,0.3283284,0
84626,2012-05-11,0.15840238,0
84627,2012-05-11,0.6939215,1
84628,2012-05-11,0.22737096,0
84629,2012-05-11,0.19211155,0
84630,2012-05-11,0.06335542,0
84631,2012-05-11,0.66892785,0
84632,2012-05-11,0.072071746,0
84633,2012-05-11,0.5384923,1
84634,2012-05-11,0.4447475,0
84635,2012-05-11,0.4801095,1
84636,2012-05-11,0.56313705,1
84637,2012-05-11,0.34748346,1
84638,2012-05-11,0.3769154,0
84639,2012-05-11,0.6179506,1
84640,2012-05-11,0.21788198,1
84641,2012-05-11,0.42507145,0
84642,2012-05-11,0.1815679,0
84643,2012-05-11,0.4398384,0
84644,2012-05-11,0.44994146,1
84645,2012-05-11,0.20522882,0
84646,2012-05-11,0.17155048,0
84647,2012-05-11,0.28882134,0
84648,2012-05-11,0.63631284,1
84649,2012-05-11,0.27601284,0
84650,2012-05-11,0.13895701,0
84651,2012-05-11,0.60926723,0
84652,2012-05-11,0.41552347,0
84653,2012-05-11,0.154627,0
84654,2012-05-11,0.37033474,1
84655,2012-05-11,0.25365737,1
84656,2012-05-11,0.14386034,0
84657,2012-05-11,0.3212832,1
84658,2012-05-11,0.52243173,1
84659,2012-05-11,0.42773688,0
84660,2012-05-11,0.3117015,0
84661,2012-05-11,0.111100845,0
84662,2012-05-11,0.6732443,0
84663,2012-05-11,0.1370059,1
84664,2012-05-11,0.3191187,1
84665,2012-05-11,0.40664664,0
84666,2012-05-11,0.332863,0
84667,2012-05-11,0.14626352,0
84668,2012-05-11,0.53673786,1
84669,2012-05-11,0.45084104,0
84670,2012-05-11,0.6006083,1
84671,2012-05-11,0.37205672,1
84672,2012-05-11,0.3413909,1
84673,2012-05-11,0.4250872,0
84674,2012-05-11,0.5962146,1
84675,2012-05-11,0.4353737,0
84676,2012-05-11,0.35038957,0
84677,2012-05-11,0.7080752,0
84678,2012-05-11,0.060936794,0
84679,2012-05-11,0.14327602,1
84680,2012-05-11,0.28894076,0
84681,2012-05-11,0.5052885,1
84682,2012-05-11,0.6233482,0
84683,2012-05-11,0.28556937,0
84684,2012-05-11,0.16857484,0
84685,2012-05-11,0.452165,0
84686,2012-05-11,0.46855277,0
84687,2012-05-11,0.35019258,0
84688,2012-05-11,0.10312247,1
84689,2012-05-11,0.21428365,0
84690,2012-05-11,0.30266413,0
84691,2012-05-11,0.04212507,0
84692,2012-05-11,0.5016525,0
84693,2012-05-11,0.4906527,1
84694,2012-05-11,0.20614699,0
84695,2012-05-11,0.52570397,1
84696,2012-05-11,0.03130084,1
84697,2012-05-11,0.06697604,0
84698,2012-05-11,0.32761705,0
84699,2012-05-11,0.2814615,0
84700,2012-05-11,0.52586806,0
84701,2012-05-11,0.1863753,0
84702,2012-05-11,0.45028955,0
84703,2012-05-11,0.19311175,1
84704,2012-05-11,0.39133763,0
84705,2012-05-11,0.46611944,0
84706,2012-05-11,0.072247416,0
84707,2012-05-11,0.75469464,1
84708,2012-05-11,0.6280785,0
84709,2012-05-11,0.6048496,0
84710,2012-05-11,0.44096324,0
84711,2012-05-11,0.8127728,1
84712,2012-05-11,0.38054898,1
84713,2012-05-11,0.48273686,0
84714,2012-05-11,0.43973213,0
84715,2012-05-11,0.12655981,1
84716,2012-05-11,0.6596863,0
84717,2012-05-11,0.17043443,0
84718,2012-05-11,0.4118644,0
84719,2012-05-11,0.1700001,0
84720,2012-05-11,0.4313048,0
84721,2012-05-11,0.4220027,1
84722,2012-05-11,0.043344915,0
84723,2012-05-11,0.15310968,0
84724,2012-05-11,0.330815,0
84725,2012-05-11,0.26548702,0
84726,2012-05-11,0.399607,0
84727,2012-05-11,0.57074213,0
84728,2012-05-11,0.19252375,0
84729,2012-05-11,0.055459037,0
84730,2012-05-11,0.18805058,0
84731,2012-05-11,0.6029923,1
84732,2012-05-11,0.29100657,1
84733,2012-05-11,0.4070863,1
84734,2012-05-11,0.5717879,0
84735,2012-05-11,0.4806457,0
84736,2012-05-11,0.07832164,0
84737,2012-05-11,0.46240503,1
84738,2012-05-11,0.3977319,1
84739,2012-05-11,0.4597626,0
84740,2012-05-11,0.22368972,0
84741,2012-05-11,0.3014513,1
84742,2012-05-11,0.7511704,0
84743,2012-05-11,0.25810835,0
84744,2012-05-11,0.04794479,0
84745,2012-05-11,0.32005447,0
84746,2012-05-11,0.056584805,0
84747,2012-05-11,0.32962298,1
84748,2012-05-11,0.33594778,0
84749,2012-05-11,0.7637744,1
84750,2012-05-11,0.45565557,0
84751,2012-05-11,0.17863989,0
84752,2012-05-11,0.21786727,0
84753,2012-05-11,0.07925062,0
84754,2012-05-11,0.5845679,0
84755,2012-05-11,0.6764221,1
84756,2012-05-11,0.3959518,1
84757,2012-05-11,0.5781245,0
84758,2012-05-11,0.06817701,0
84759,2012-05-11,0.3408287,0
84760,2012-05-11,0.10639649,0
84761,2012-05-11,0.6573416,0
84762,2012-05-11,0.5224356,1
84763,2012-05-11,0.088673875,0
84764,2012-05-11,0.61955863,0
84765,2012-05-11,0.26288712,0
84766,2012-05-11,0.51263475,0
84767,2012-05-11,0.4923245,0
84768,2012-05-11,0.124102,0
84769,2012-05-11,0.7754027,1
84770,2012-05-11,0.10470315,0
84771,2012-05-11,0.44429055,0
84772,2012-05-11,0.30858213,0
84773,2012-05-11,0.46468386,1
84774,2012-05-11,0.49383736,0
84775,2012-05-11,0.5934537,0
84776,2012-05-11,0.21804015,1
84777,2012-05-11,0.068231806,0
84778,2012-05-11,0.4878066,1
84779,2012-05-11,0.08661652,1
84780,2012-05-11,0.428233,0
84781,2012-05-11,0.37606418,1
84782,2012-05-11,0.41296268,1
84783,2012-05-11,0.7478102,0
84784,2012-05-11,0.13167359,0
84785,2012-05-11,0.07439617,0
84786,2012-05-11,0.029556135,0
84787,2012-05-11,0.20529929,1
84788,2012-05-11,0.24186663,0
84789,2012-05-11,0.6858868,1
84790,2012-05-11,0.17415805,0
84791,2012-05-11,0.29819992,1
84792,2012-05-11,0.3881133,1
84793,2012-05-11,0.86620706,0
84794,2012-05-11,0.26080722,0
84795,2012-05-11,0.11370128,0
84796,2012-05-11,0.80456024,1
84797,2012-05-11,0.15299833,0
84798,2012-05-11,0.32554576,0
84799,2012-05-11,0.14092335,0
84800,2012-05-11,0.29972005,0
84801,2012-05-11,0.507382,1
84802,2012-05-11,0.18325108,1
84803,2012-05-11,0.02694462,0
84804,2012-05-11,0.47598082,0
84805,2012-05-11,0.015221057,0
84806,2012-05-11,0.19183765,0
84807,2012-05-11,0.30945635,0
84808,2012-05-11,0.26967123,1
84809,2012-05-11,0.5012122,0
84810,2012-05-11,0.08463775,0
84811,2012-05-11,0.47543287,0
84812,2012-05-11,0.5948612,0
84813,2012-05-11,0.10737046,1
84814,2012-05-11,0.37747082,0
84815,2012-05-11,0.5157376,0
84816,2012-05-11,0.2929501,0
84817,2012-05-11,0.26324898,0
84818,2012-05-11,0.5655714,0
84819,2012-05-11,0.67967695,0
84820,2012-05-11,0.22512324,0
84821,2012-05-11,0.2859073,1
84822,2012-05-11,0.12954022,1
84823,2012-05-11,0.34075046,0
84824,2012-05-11,0.52099484,0
84825,2012-05-11,0.53148896,0
84826,2012-05-11,0.36818597,0
84827,2012-05-11,0.016813837,0
84828,2012-05-11,0.2956421,0
84829,2012-05-11,0.6425533,1
84830,2012-05-11,0.39957604,0
84831,2012-05-11,0.37548396,0
84832,2012-05-11,0.26806572,0
84833,2012-05-11,0.18297176,0
84834,2012-05-11,0.59711975,0
84835,2012-05-11,0.43666986,0
84836,2012-05-11,0.13520579,1
84837,2012-05-11,0.7015955,1
84838,2012-05-11,0.52772653,1
84839,2012-05-11,0.20887478,1
84840,2012-05-11,0.1272004,0
84841,2012-05-11,0.06596353,0
84842,2012-05-11,0.11557911,0
84843,2012-05-11,0.27051476,0
84844,2012-05-11,0.4056076,0
84845,2012-05-11,0.46421584,1
84846,2012-05-11,0.4234292,0
84847,2012-05-11,0.11045867,1
84848,2012-05-11,0.3738314,0
84849,2012-05-11,0.34807628,0
84850,2012-05-11,0.29512635,0
84851,2012-05-11,0.13497165,0
84852,2012-05-11,0.43815944,1
84853,2012-05-11,0.1747164,0
84854,2012-05-11,0.17428093,0
84855,2012-05-11,0.5927674,1
84856,2012-05-11,0.08805904,1
84857,2012-05-11,0.1847444,0
84858,2012-05-12,0.6283305,0
84859,2012-05-12,0.17291279,1
84860,2012-05-12,0.24638827,0
84861,2012-05-12,0.1045433,0
84862,2012-05-12,0.2877161,0
84863,2012-05-12,0.41282767,1
84864,2012-05-12,0.6660485,0
84865,2012-05-12,0.38440043,1
84866,2012-05-12,0.16655506,0
84867,2012-05-12,0.5888026,1
84868,2012-05-12,0.16817696,0
84869,2012-05-12,0.45341983,0
84870,2012-05-12,0.40962717,0
84871,2012-05-12,0.047462896,0
84872,2012-05-12,0.6799556,1
84873,2012-05-12,0.13343269,1
84874,2012-05-12,0.16479245,0
84875,2012-05-12,0.5311735,0
84876,2012-05-12,0.042084556,0
84877,2012-05-12,0.7638536,0
84878,2012-05-12,0.6172365,1
84879,2012-05-12,0.38215086,0
84880,2012-05-12,0.27979258,1
84881,2012-05-12,0.33196536,0
84882,2012-05-12,0.16241309,0
84883,2012-05-12,0.22571632,1
84884,2012-05-12,0.12504536,1
84885,2012-05-12,0.1382514,0
84886,2012-05-12,0.23328018,0
84887,2012-05-12,0.2807978,0
84888,2012-05-12,0.33386284,0
84889,2012-05-12,0.62591386,0
84890,2012-05-12,0.8134696,1
84891,2012-05-12,0.19824603,0
84892,2012-05-12,0.5064232,1
84893,2012-05-12,0.5009954,1
84894,2012-05-12,0.4844764,0
84895,2012-05-12,0.9012922,1
84896,2012-05-12,0.048439432,0
84897,2012-05-12,0.20885305,0
84898,2012-05-12,0.49510333,0
84899,2012-05-12,0.5506177,0
84900,2012-05-12,0.2698735,0
84901,2012-05-12,0.6392912,0
84902,2012-05-12,0.45120022,0
84903,2012-05-12,0.35377517,0
84904,2012-05-12,0.3883727,1
84905,2012-05-12,0.56352043,1
84906,2012-05-12,0.18896377,0
84907,2012-05-12,0.5168833,0
84908,2012-05-12,0.11095315,0
84909,2012-05-12,0.63956755,1
84910,2012-05-12,0.10284225,0
84911,2012-05-12,0.60057235,0
84912,2012-05-12,0.2647082,1
84913,2012-05-12,0.16032045,0
84914,2012-05-12,0.078813195,1
84915,2012-05-12,0.33835968,0
84916,2012-05-12,0.84371233,0
84917,2012-05-12,0.512526,1
84918,2012-05-12,0.42434964,1
84919,2012-05-12,0.24920487,0
84920,2012-05-12,0.4211699,1
84921,2012-05-12,0.06269737,0
84922,2012-05-12,0.29567045,0
84923,2012-05-12,0.3051125,0
84924,2012-05-12,0.6254589,0
84925,2012-05-12,0.08176954,0
84926,2012-05-12,0.3813624,0
84927,2012-05-12,0.16688524,0
84928,2012-05-12,0.5777319,1
84929,2012-05-12,0.00684666,0
84930,2012-05-12,0.48578897,1
84931,2012-05-12,0.6742807,1
84932,2012-05-12,0.34555608,1
84933,2012-05-12,0.046514496,0
84934,2012-05-12,0.6939323,0
84935,2012-05-12,0.35828176,1
84936,2012-05-12,0.07774774,0
84937,2012-05-12,0.12570992,0
84938,2012-05-12,0.7481958,0
84939,2012-05-12,0.6777658,0
84940,2012-05-12,0.20418707,0
84941,2012-05-12,0.081699975,0
84942,2012-05-12,0.24582832,0
84943,2012-05-12,0.68793416,0
84944,2012-05-12,0.35143575,0
84945,2012-05-12,0.41101092,0
84946,2012-05-12,0.025540434,0
84947,2012-05-12,0.67745566,0
84948,2012-05-12,0.46762353,1
84949,2012-05-12,0.6636988,0
84950,2012-05-12,0.08152118,0
84951,2012-05-12,0.5685051,1
84952,2012-05-12,0.5791335,0
84953,2012-05-12,0.6614768,1
84954,2012-05-12,0.09472841,0
84955,2012-05-12,0.35797244,0
84956,2012-05-12,0.25275448,0
84957,2012-05-12,0.8044015,0
84958,2012-05-12,0.84205514,0
84959,2012-05-12,0.30286205,0
84960,2012-05-12,0.28105116,0
84961,2012-05-12,0.23098904,0
84962,2012-05-12,0.0194342,0
84963,2012-05-12,0.12638724,0
84964,2012-05-12,0.14739646,0
84965,2012-05-12,0.69442636,1
84966,2012-05-12,0.38830626,0
84967,2012-05-12,0.50040364,0
84968,2012-05-12,0.59858966,0
84969,2012-05-12,0.8181065,1
84970,2012-05-12,0.5933355,1
84971,2012-05-12,0.062270172,1
84972,2012-05-12,0.09305416,0
84973,2012-05-12,0.5571023,0
84974,2012-05-12,0.03584492,0
84975,2012-05-12,0.70494866,0
84976,2012-05-12,0.10388702,0
84977,2012-05-12,0.258662,1
84978,2012-05-12,0.37890774,0
84979,2012-05-12,0.15430227,0
84980,2012-05-12,0.25024953,1
84981,2012-05-12,0.47633046,0
84982,2012-05-12,0.25500023,0
84983,2012-05-12,0.7738174,0
84984,2012-05-12,0.12699687,1
84985,2012-05-12,0.71463823,1
84986,2012-05-12,0.6378105,0
84987,2012-05-12,0.45239273,0
84988,2012-05-12,0.070263624,0
84989,2012-05-12,0.5987581,1
84990,2012-05-12,0.6899973,1
84991,2012-05-12,0.022117157,0
84992,2012-05-12,0.62565297,0
84993,2012-05-12,0.46629998,0
84994,2012-05-12,0.38702,0
84995,2012-05-12,0.6613362,0
84996,2012-05-12,0.5035024,0
84997,2012-05-12,0.68188953,1
84998,2012-05-12,0.6382157,0
84999,2012-05-12,0.7216271,1
85000,2012-05-12,0.23630603,0
85001,2012-05-12,0.038090665,1
85002,2012-05-12,0.082013845,0
85003,2012-05-12,0.38311747,1
85004,2012-05-12,0.3467265,1
85005,2012-05-12,0.6292547,0
85006,2012-05-12,0.42171043,1
85007,2012-05-12,0.28794095,0
85008,2012-05-12,0.41038698,1
85009,2012-05-12,0.1455077,0
85010,2012-05-13,0.15022436,0
85011,2012-05-13,0.08691342,0
85012,2012-05-13,0.46893817,1
85013,2012-05-13,0.74377304,1
85014,2012-05-13,0.46899727,0
85015,2012-05-13,0.27817318,0
85016,2012-05-13,0.7275803,0
85017,2012-05-13,0.31860092,0
85018,2012-05-13,0.14552322,0
85019,2012-05-13,0.094379276,0
85020,2012-05-13,0.7421051,0
85021,2012-05-13,0.55345696,0
85022,2012-05-13,0.2739891,0
85023,2012-05-13,0.8440425,1
85024,2012-05-13,0.10498892,0
85025,2012-05-13,0.05653965,0
85026,2012-05-13,0.30085757,0
85027,2012-05-13,0.37715888,0
85028,2012-05-13,0.84190565,0
85029,2012-05-13,0.5773907,1
85030,2012-05-13,0.16779694,1
85031,2012-05-13,0.34784833,1
85032,2012-05-13,0.6111465,0
85033,2012-05-13,0.061102152,0
85034,2012-05-13,0.32614005,1
85035,2012-05-13,0.6915789,1
85036,2012-05-13,0.19139637,0
85037,2012-05-13,0.20612454,0
85038,2012-05-13,0.44482663,1
85039,2012-05-13,0.18658097,0
85040,2012-05-13,0.38935825,1
85041,2012-05-13,0.5135353,0
85042,2012-05-13,0.42449573,1
85043,2012-05-13,0.19118273,1
85044,2012-05-13,0.5872057,1
85045,2012-05-13,0.27251348,0
85046,2012-05-13,0.32309222,1
85047,2012-05-13,0.47903392,1
85048,2012-05-13,0.3296719,1
85049,2012-05-13,0.4041957,1
85050,2012-05-13,0.19623683,0
85051,2012-05-13,0.8587225,1
85052,2012-05-13,0.68415093,0
85053,2012-05-13,0.13824429,0
85054,2012-05-13,0.14978638,0
85055,2012-05-13,0.33281147,0
85056,2012-05-13,0.37646782,1
85057,2012-05-13,0.26157308,0
85058,2012-05-13,0.14591509,1
85059,2012-05-13,0.39558688,1
85060,2012-05-13,0.52572864,0
85061,2012-05-13,0.17819203,0
85062,2012-05-13,0.46967617,0
85063,2012-05-13,0.096522585,0
85064,2012-05-13,0.13703531,0
85065,2012-05-13,0.8574327,1
85066,2012-05-13,0.0355624,0
85067,2012-05-13,0.50095457,1
85068,2012-05-13,0.23852776,0
85069,2012-05-13,0.17565653,1
85070,2012-05-13,0.48521307,0
85071,2012-05-13,0.7191481,1
85072,2012-05-13,0.46328208,1
85073,2012-05-13,0.4938754,1
85074,2012-05-13,0.34500924,1
85075,2012-05-13,0.7600297,0
85076,2012-05-13,0.36801553,1
85077,2012-05-13,0.24061619,0
85078,2012-05-13,0.43040654,0
85079,2012-05-13,0.6246021,0
85080,2012-05-13,0.0647039,0
85081,2012-05-13,0.77730465,0
85082,2012-05-13,0.41048262,1
85083,2012-05-13,0.07281915,0
85084,2012-05-13,0.15649231,0
85085,2012-05-13,0.8983021,1
85086,2012-05-13,0.38552883,0
85087,2012-05-13,0.5162302,1
85088,2012-05-13,0.14695036,0
85089,2012-05-13,0.37998435,0
85090,2012-05-13,0.24821346,0
85091,2012-05-13,0.15353352,1
85092,2012-05-13,0.057855394,0
85093,2012-05-13,0.19497365,0
85094,2012-05-13,0.28228107,1
85095,2012-05-13,0.59962887,0
85096,2012-05-13,0.5234139,1
85097,2012-05-13,0.33295703,0
85098,2012-05-13,0.27642614,1
85099,2012-05-13,0.11755581,0
85100,2012-05-13,0.5221305,1
85101,2012-05-13,0.7371522,0
85102,2012-05-13,0.4845298,1
85103,2012-05-13,0.5530665,0
85104,2012-05-13,0.21311148,1
85105,2012-05-13,0.41247815,1
85106,2012-05-13,0.18708743,1
85107,2012-05-13,0.026330447,0
85108,2012-05-13,0.23412707,1
85109,2012-05-13,0.5768584,1
85110,2012-05-13,0.5851367,0
85111,2012-05-13,0.45832255,0
85112,2012-05-13,0.13029045,1
85113,2012-05-13,0.52494234,1
85114,2012-05-13,0.4710491,0
85115,2012-05-13,0.3458005,0
85116,2012-05-13,0.30135286,1
85117,2012-05-13,0.33954808,1
85118,2012-05-13,0.5559215,0
85119,2012-05-13,0.14917995,1
85120,2012-05-13,0.27729434,0
85121,2012-05-13,0.5844596,0
85122,2012-05-13,0.60936034,0
85123,2012-05-13,0.09397999,0
85124,2012-05-13,0.36510402,1
85125,2012-05-13,0.68885183,1
85126,2012-05-13,0.26772815,0
85127,2012-05-13,0.4622183,0
85128,2012-05-13,0.041062266,0
85129,2012-05-13,0.82419264,0
85130,2012-05-13,0.28698397,0
85131,2012-05-13,0.09392525,0
85132,2012-05-13,0.24606235,0
85133,2012-05-13,0.10926525,0
85134,2012-05-13,0.44909194,0
85135,2012-05-13,0.27620006,0
85136,2012-05-13,0.7182576,0
85137,2012-05-13,0.82218766,0
85138,2012-05-13,0.044764884,0
85139,2012-05-13,0.4476801,0
85140,2012-05-13,0.25551677,1
85141,2012-05-13,0.3686475,0
85142,2012-05-13,0.06820897,1
85143,2012-05-13,0.50857246,0
85144,2012-05-13,0.5607252,1
85145,2012-05-13,0.2031083,0
85146,2012-05-13,0.4221159,1
85147,2012-05-13,0.30237237,0
85148,2012-05-13,0.21626514,1
85149,2012-05-13,0.2372638,0
85150,2012-05-13,0.4622183,0
85151,2012-05-13,0.5260827,0
85152,2012-05-13,0.5879498,1
85153,2012-05-13,0.65174526,1
85154,2012-05-13,0.2564082,1
85155,2012-05-13,0.5274312,1
85156,2012-05-13,0.4854854,0
85157,2012-05-13,0.058001637,0
85158,2012-05-13,0.7690136,0
85159,2012-05-13,0.23202801,0
85160,2012-05-13,0.2139634,0
85161,2012-05-14,0.37484258,0
85162,2012-05-14,0.3932096,0
85163,2012-05-14,0.31151766,0
85164,2012-05-14,0.042207494,0
85165,2012-05-14,0.30884928,0
85166,2012-05-14,0.3579521,1
85167,2012-05-14,0.28371418,0
85168,2012-05-14,0.15627278,1
85169,2012-05-14,0.2140262,0
85170,2012-05-14,0.4772577,1
85171,2012-05-14,0.8088954,1
85172,2012-05-14,0.6173101,1
85173,2012-05-14,0.16825002,0
85174,2012-05-14,0.297288,0
85175,2012-05-14,0.5765392,0
85176,2012-05-14,0.46733245,0
85177,2012-05-14,0.5855109,0
85178,2012-05-14,0.10488212,0
85179,2012-05-14,0.39087883,1
85180,2012-05-14,0.2354449,1
85181,2012-05-14,0.913777,1
85182,2012-05-14,0.60978055,0
85183,2012-05-14,0.7496156,1
85184,2012-05-14,0.23178846,1
85185,2012-05-14,0.29517,0
85186,2012-05-14,0.2579202,0
85187,2012-05-14,0.29733205,1
85188,2012-05-14,0.2222891,0
85189,2012-05-14,0.75214,0
85190,2012-05-14,0.026031194,0
85191,2012-05-14,0.43341765,1
85192,2012-05-14,0.4498522,0
85193,2012-05-14,0.7678716,0
85194,2012-05-14,0.13291603,0
85195,2012-05-14,0.13579886,0
85196,2012-05-14,0.88213366,0
85197,2012-05-14,0.31067342,0
85198,2012-05-14,0.12331163,0
85199,2012-05-14,0.22273558,1
85200,2012-05-14,0.3163559,1
85201,2012-05-14,0.07585961,0
85202,2012-05-14,0.3344852,0
85203,2012-05-14,0.15827337,0
85204,2012-05-14,0.27306992,0
85205,2012-05-14,0.5764751,1
85206,2012-05-14,0.36990944,1
85207,2012-05-14,0.15484917,0
85208,2012-05-14,0.26965255,0
85209,2012-05-14,0.11517877,1
85210,2012-05-14,0.5540934,0
85211,2012-05-14,0.6972787,1
85212,2012-05-14,0.14894514,0
85213,2012-05-14,0.41241977,1
85214,2012-05-14,0.16599628,0
85215,2012-05-14,0.262377,1
85216,2012-05-14,0.27266112,0
85217,2012-05-14,0.24056806,1
85218,2012-05-14,0.5857229,0
85219,2012-05-14,0.18088746,0
85220,2012-05-14,0.44861132,0
85221,2012-05-14,0.36244246,0
85222,2012-05-14,0.48162726,1
85223,2012-05-14,0.691781,1
85224,2012-05-14,0.1318206,0
85225,2012-05-14,0.4792064,1
85226,2012-05-14,0.4835975,1
85227,2012-05-14,0.5228021,1
85228,2012-05-14,0.3550431,0
85229,2012-05-14,0.55279315,0
85230,2012-05-14,0.24437888,0
85231,2012-05-14,0.1747563,0
85232,2012-05-14,0.20706584,0
85233,2012-05-14,0.11640599,1
85234,2012-05-14,0.4333117,1
85235,2012-05-14,0.86775774,1
85236,2012-05-14,0.21673104,1
85237,2012-05-14,0.2862567,0
85238,2012-05-14,0.72803104,1
85239,2012-05-14,0.05386355,1
85240,2012-05-14,0.19147302,0
85241,2012-05-14,0.32677042,1
85242,2012-05-14,0.61388916,0
85243,2012-05-14,0.13572823,0
85244,2012-05-14,0.22081436,0
85245,2012-05-14,0.17399997,0
85246,2012-05-14,0.16807331,0
85247,2012-05-14,0.6899372,0
85248,2012-05-14,0.2989874,1
85249,2012-05-14,0.18571769,1
85250,2012-05-14,0.29157054,0
85251,2012-05-14,0.06251416,0
85252,2012-05-14,0.23104925,0
85253,2012-05-14,0.5532383,0
85254,2012-05-14,0.41758618,0
85255,2012-05-14,0.026655333,0
85256,2012-05-14,0.58752257,1
85257,2012-05-14,0.06781959,0
85258,2012-05-14,0.26266336,1
85259,2012-05-14,0.506496,0
85260,2012-05-14,0.11883022,1
85261,2012-05-14,0.55340064,1
85262,2012-05-14,0.5554901,1
85263,2012-05-14,0.17262924,0
85264,2012-05-14,0.6836216,1
85265,2012-05-14,0.24948955,1
85266,2012-05-14,0.45379847,1
85267,2012-05-14,0.29522192,1
85268,2012-05-14,0.056327056,0
85269,2012-05-14,0.31049722,0
85270,2012-05-14,0.55660754,0
85271,2012-05-14,0.26491416,0
85272,2012-05-14,0.17457886,0
85273,2012-05-14,0.3193909,0
85274,2012-05-14,0.09395508,1
85275,2012-05-14,0.07735406,0
85276,2012-05-14,0.32131478,1
85277,2012-05-14,0.18520977,0
85278,2012-05-14,0.0876353,1
85279,2012-05-14,0.38000876,0
85280,2012-05-14,0.09973256,0
85281,2012-05-14,0.5807387,0
85282,2012-05-14,0.037465915,1
85283,2012-05-14,0.47292802,0
85284,2012-05-14,0.22335911,0
85285,2012-05-14,0.44186676,0
85286,2012-05-14,0.0913636,0
85287,2012-05-14,0.47698033,0
85288,2012-05-14,0.1529366,0
85289,2012-05-14,0.18433307,0
85290,2012-05-14,0.62405616,0
85291,2012-05-14,0.50431687,1
85292,2012-05-14,0.20167994,1
85293,2012-05-14,0.17433575,0
85294,2012-05-14,0.12150239,1
85295,2012-05-14,0.16099171,0
85296,2012-05-14,0.4133773,1
85297,2012-05-14,0.82387143,1
85298,2012-05-14,0.2231459,0
85299,2012-05-14,0.028015569,0
85300,2012-05-14,0.24322927,0
85301,2012-05-14,0.012870586,1
85302,2012-05-14,0.24699724,0
85303,2012-05-14,0.5392894,0
85304,2012-05-14,0.32468343,0
85305,2012-05-14,0.8360277,1
85306,2012-05-14,0.34750432,0
85307,2012-05-14,0.27361944,0
85308,2012-05-14,0.07767662,0
85309,2012-05-14,0.0546111,0
85310,2012-05-14,0.24048518,0
85311,2012-05-14,0.49177295,1
85312,2012-05-14,0.2283652,0
85313,2012-05-14,0.1221659,0
85314,2012-05-14,0.64898425,1
85315,2012-05-14,0.19484907,0
85316,2012-05-14,0.2687136,0
85317,2012-05-14,0.19470902,0
85318,2012-05-14,0.4724125,0
85319,2012-05-14,0.6436284,1
85320,2012-05-14,0.19057605,1
85321,2012-05-14,0.064043276,0
85322,2012-05-14,0.13037972,0
85323,2012-05-14,0.58292174,0
85324,2012-05-14,0.554784,0
85325,2012-05-15,0.62541765,1
85326,2012-05-15,0.5079599,0
85327,2012-05-15,0.28530177,1
85328,2012-05-15,0.20734118,0
85329,2012-05-15,0.40676266,0
85330,2012-05-15,0.39280438,0
85331,2012-05-15,0.42608356,0
85332,2012-05-15,0.08808056,0
85333,2012-05-15,0.51367426,0
85334,2012-05-15,0.32165828,1
85335,2012-05-15,0.31910422,1
85336,2012-05-15,0.43054864,0
85337,2012-05-15,0.26137662,0
85338,2012-05-15,0.18776356,1
85339,2012-05-15,0.5661861,0
85340,2012-05-15,0.056635913,0
85341,2012-05-15,0.06208105,0
85342,2012-05-15,0.18960819,0
85343,2012-05-15,0.114623085,1
85344,2012-05-15,0.620921,0
85345,2012-05-15,0.5382003,1
85346,2012-05-15,0.48110282,0
85347,2012-05-15,0.08086665,0
85348,2012-05-15,0.020951653,0
85349,2012-05-15,0.03359813,0
85350,2012-05-15,0.16129649,0
85351,2012-05-15,0.14034744,1
85352,2012-05-15,0.17923722,0
85353,2012-05-15,0.41365913,0
85354,2012-05-15,0.021614224,0
85355,2012-05-15,0.41026092,1
85356,2012-05-15,0.7730937,1
85357,2012-05-15,0.2618319,0
85358,2012-05-15,0.72355217,1
85359,2012-05-15,0.02759963,0
85360,2012-05-15,0.23111619,0
85361,2012-05-15,0.5296909,0
85362,2012-05-15,0.6068492,0
85363,2012-05-15,0.39450204,0
85364,2012-05-15,0.07681692,0
85365,2012-05-15,0.117486425,0
85366,2012-05-15,0.67291015,1
85367,2012-05-15,0.08389253,0
85368,2012-05-15,0.48891893,0
85369,2012-05-15,0.28231937,0
85370,2012-05-15,0.5922611,1
85371,2012-05-15,0.6500101,1
85372,2012-05-15,0.16115126,0
85373,2012-05-15,0.8317512,1
85374,2012-05-15,0.62835354,0
85375,2012-05-15,0.64986396,1
85376,2012-05-15,0.23612674,0
85377,2012-05-15,0.46865612,0
85378,2012-05-15,0.23050302,1
85379,2012-05-15,0.4156476,0
85380,2012-05-15,0.06559215,0
85381,2012-05-15,0.56744736,0
85382,2012-05-15,0.13750055,1
85383,2012-05-15,0.7082675,0
85384,2012-05-15,0.011944621,1
85385,2012-05-15,0.101575,1
85386,2012-05-15,0.7050655,0
85387,2012-05-15,0.2333619,1
85388,2012-05-15,0.6458954,1
85389,2012-05-15,0.2496206,0
85390,2012-05-15,0.34870923,1
85391,2012-05-15,0.16217443,0
85392,2012-05-15,0.44683638,0
85393,2012-05-15,0.6833444,1
85394,2012-05-15,0.28672022,1
85395,2012-05-15,0.48459914,0
85396,2012-05-15,0.04726248,0
85397,2012-05-15,0.36425173,0
85398,2012-05-15,0.20100605,0
85399,2012-05-15,0.18443066,0
85400,2012-05-15,0.68868613,0
85401,2012-05-15,0.08205214,0
85402,2012-05-15,0.5588386,1
85403,2012-05-15,0.045263574,1
85404,2012-05-15,0.12015116,0
85405,2012-05-15,0.21790665,0
85406,2012-05-15,0.8105572,1
85407,2012-05-15,0.1378889,0
85408,2012-05-15,0.42705962,1
85409,2012-05-15,0.16772468,0
85410,2012-05-15,0.4680331,1
85411,2012-05-15,0.07014485,0
85412,2012-05-15,0.27130684,1
85413,2012-05-15,0.67264956,0
85414,2012-05-15,0.12647742,0
85415,2012-05-16,0.35520723,1
85416,2012-05-16,0.64869833,1
85417,2012-05-16,0.65799487,0
85418,2012-05-16,0.3669639,0
85419,2012-05-16,0.44590858,1
85420,2012-05-16,0.57430494,0
85421,2012-05-16,0.21802974,1
85422,2012-05-16,0.16962656,1
85423,2012-05-16,0.10589175,0
85424,2012-05-16,0.030995272,0
85425,2012-05-16,0.16252866,0
85426,2012-05-16,0.6536231,1
85427,2012-05-16,0.6274515,0
85428,2012-05-16,0.2635568,1
85429,2012-05-16,0.18405102,1
85430,2012-05-16,0.45541614,1
85431,2012-05-16,0.24379116,0
85432,2012-05-16,0.34367955,1
85433,2012-05-16,0.27678978,0
85434,2012-05-16,0.2069483,0
85435,2012-05-16,0.06743525,0
85436,2012-05-16,0.45695615,0
85437,2012-05-16,0.32875326,0
85438,2012-05-16,0.8297485,0
85439,2012-05-16,0.06241185,1
85440,2012-05-16,0.7769083,1
85441,2012-05-16,0.76535314,1
85442,2012-05-16,0.36121315,0
85443,2012-05-16,0.1861675,1
85444,2012-05-16,0.15733814,0
85445,2012-05-16,0.29704672,1
85446,2012-05-16,0.3890052,0
85447,2012-05-16,0.72164583,0
85448,2012-05-16,0.40419835,1
85449,2012-05-16,0.35438272,1
85450,2012-05-16,0.17381981,1
85451,2012-05-16,0.3416853,0
85452,2012-05-16,0.56468505,0
85453,2012-05-16,0.28719306,1
85454,2012-05-16,0.83234966,0
85455,2012-05-16,0.105219945,0
85456,2012-05-16,0.49055585,1
85457,2012-05-16,0.7101257,0
85458,2012-05-16,0.23858553,0
85459,2012-05-16,0.46743974,1
85460,2012-05-16,0.8222728,1
85461,2012-05-16,0.17838326,1
85462,2012-05-16,0.6453079,1
85463,2012-05-16,0.37437865,0
85464,2012-05-16,0.67618465,0
85465,2012-05-16,0.32720882,0
85466,2012-05-16,0.8125291,1
85467,2012-05-16,0.1280988,0
85468,2012-05-16,0.34794554,0
85469,2012-05-16,0.37443814,0
85470,2012-05-16,0.34786507,1
85471,2012-05-16,0.27871537,1
85472,2012-05-16,0.25180244,1
85473,2012-05-16,0.4439788,1
85474,2012-05-16,0.29509968,0
85475,2012-05-16,0.34910378,1
85476,2012-05-16,0.23638901,0
85477,2012-05-16,0.10878439,0
85478,2012-05-16,0.13806696,1
85479,2012-05-16,0.03713007,0
85480,2012-05-16,0.6562476,1
85481,2012-05-16,0.68771726,1
85482,2012-05-16,0.544309,0
85483,2012-05-16,0.32095903,0
85484,2012-05-16,0.4827062,0
85485,2012-05-16,0.43482268,0
85486,2012-05-16,0.36649555,0
85487,2012-05-16,0.10532286,0
85488,2012-05-16,0.8232425,0
85489,2012-05-16,0.13393015,0
85490,2012-05-16,0.6355823,0
85491,2012-05-16,0.32369012,1
85492,2012-05-16,0.7357455,0
85493,2012-05-16,0.22878824,1
85494,2012-05-16,0.1584375,0
85495,2012-05-16,0.385931,0
85496,2012-05-16,0.020730056,0
85497,2012-05-16,0.53613156,1
85498,2012-05-16,0.7910483,0
85499,2012-05-16,0.39139998,1
85500,2012-05-16,0.49917167,0
85501,2012-05-16,0.36171904,0
85502,2012-05-16,0.6388482,0
85503,2012-05-16,0.32796016,1
85504,2012-05-16,0.06944993,0
85505,2012-05-16,0.66076726,1
85506,2012-05-16,0.43451753,1
85507,2012-05-16,0.09978027,0
85508,2012-05-16,0.2533774,1
85509,2012-05-16,0.26370388,1
85510,2012-05-17,0.276881,0
85511,2012-05-17,0.13989481,0
85512,2012-05-17,0.46711573,1
85513,2012-05-17,0.17453963,0
85514,2012-05-17,0.45291758,1
85515,2012-05-17,0.23374951,0
85516,2012-05-17,0.558563,0
85517,2012-05-17,0.3417715,1
85518,2012-05-17,0.330557,0
85519,2012-05-17,0.21285787,0
85520,2012-05-17,0.4159371,0
85521,2012-05-17,0.9150751,1
85522,2012-05-17,0.5368783,0
85523,2012-05-17,0.38385475,1
85524,2012-05-17,0.25047582,0
85525,2012-05-17,0.48192626,1
85526,2012-05-17,0.6158285,1
85527,2012-05-17,0.5970507,0
85528,2012-05-17,0.77486914,1
85529,2012-05-17,0.3622345,1
85530,2012-05-17,0.58593315,0
85531,2012-05-17,0.12904301,0
85532,2012-05-17,0.17612712,0
85533,2012-05-17,0.5413054,1
85534,2012-05-17,0.117395245,0
85535,2012-05-17,0.21421167,0
85536,2012-05-17,0.35350904,0
85537,2012-05-17,0.3661851,1
85538,2012-05-17,0.36231816,0
85539,2012-05-17,0.11429716,0
85540,2012-05-17,0.21892363,0
85541,2012-05-17,0.48728272,0
85542,2012-05-17,0.16034424,1
85543,2012-05-17,0.36170954,0
85544,2012-05-17,0.032114383,0
85545,2012-05-17,0.13390867,0
85546,2012-05-17,0.49316126,0
85547,2012-05-17,0.06474116,1
85548,2012-05-17,0.15398513,0
85549,2012-05-17,0.566109,0
85550,2012-05-17,0.08626936,1
85551,2012-05-17,0.086635426,0
85552,2012-05-17,0.26027486,1
85553,2012-05-17,0.3339572,0
85554,2012-05-17,0.15370856,0
85555,2012-05-17,0.7018553,1
85556,2012-05-17,0.74516594,0
85557,2012-05-17,0.5680662,1
85558,2012-05-17,0.12872574,0
85559,2012-05-17,0.098788545,0
85560,2012-05-17,0.46301317,0
85561,2012-05-17,0.33533522,1
85562,2012-05-17,0.10139953,0
85563,2012-05-17,0.14920963,0
85564,2012-05-17,0.13424185,0
85565,2012-05-17,0.6156422,0
85566,2012-05-17,0.4187546,1
85567,2012-05-17,0.045120068,0
85568,2012-05-17,0.034642193,0
85569,2012-05-17,0.10687919,0
85570,2012-05-17,0.810916,0
85571,2012-05-17,0.33508593,0
85572,2012-05-17,0.7342638,0
85573,2012-05-17,0.4766363,0
85574,2012-05-17,0.33855337,1
85575,2012-05-17,0.15132828,0
85576,2012-05-17,0.3596653,1
85577,2012-05-17,0.25334406,0
85578,2012-05-17,0.39867997,1
85579,2012-05-17,0.18180814,0
85580,2012-05-17,0.14398447,1
85581,2012-05-17,0.57986134,1
85582,2012-05-17,0.5701399,0
85583,2012-05-17,0.11500495,0
85584,2012-05-17,0.264076,1
85585,2012-05-17,0.79159933,0
85586,2012-05-17,0.15309128,0
85587,2012-05-17,0.25027764,0
85588,2012-05-17,0.06889214,0
85589,2012-05-17,0.509639,0
85590,2012-05-17,0.12907961,0
85591,2012-05-17,0.14458849,0
85592,2012-05-17,0.486148,1
85593,2012-05-17,0.40742463,0
85594,2012-05-17,0.65692025,1
85595,2012-05-17,0.65960455,0
85596,2012-05-17,0.40147614,0
85597,2012-05-17,0.033460468,0
85598,2012-05-17,0.17993923,0
85599,2012-05-17,0.52540076,0
85600,2012-05-17,0.2209058,1
85601,2012-05-17,0.81098294,0
85602,2012-05-17,0.35848787,1
85603,2012-05-17,0.5092796,0
85604,2012-05-17,0.47266495,0
85605,2012-05-17,0.15591434,0
85606,2012-05-17,0.7904325,1
85607,2012-05-17,0.24191144,0
85608,2012-05-17,0.48446208,1
85609,2012-05-17,0.16108194,0
85610,2012-05-17,0.40331236,0
85611,2012-05-17,0.55115867,0
85612,2012-05-17,0.08985739,0
85613,2012-05-17,0.27549118,1
85614,2012-05-17,0.093977086,1
85615,2012-05-17,0.093190074,0
85616,2012-05-17,0.19090886,1
85617,2012-05-17,0.64300406,0
85618,2012-05-17,0.14377713,1
85619,2012-05-17,0.5710223,1
85620,2012-05-17,0.17406517,1
85621,2012-05-17,0.24895094,0
85622,2012-05-17,0.51876926,0
85623,2012-05-17,0.0978493,0
85624,2012-05-17,0.13989481,0
85625,2012-05-17,0.38327667,0
85626,2012-05-17,0.22657883,0
85627,2012-05-17,0.44222012,0
85628,2012-05-17,0.21867406,0
85629,2012-05-17,0.29969135,0
85630,2012-05-17,0.25703752,0
85631,2012-05-17,0.80776864,1
85632,2012-05-17,0.36450234,0
85633,2012-05-17,0.04982347,0
85634,2012-05-17,0.6455401,0
85635,2012-05-17,0.08626936,0
85636,2012-05-18,0.24751073,1
85637,2012-05-18,0.12920544,0
85638,2012-05-18,0.17873019,1
85639,2012-05-18,0.11987983,0
85640,2012-05-18,0.34165248,0
85641,2012-05-18,0.8324869,1
85642,2012-05-18,0.113218,0
85643,2012-05-18,0.6081758,1
85644,2012-05-18,0.09136607,0
85645,2012-05-18,0.21545357,0
85646,2012-05-18,0.42601827,0
85647,2012-05-18,0.16952425,0
85648,2012-05-18,0.30876762,0
85649,2012-05-18,0.18520093,1
85650,2012-05-18,0.22196402,0
85651,2012-05-18,0.22663681,1
85652,2012-05-18,0.34249836,1
85653,2012-05-18,0.47742483,1
85654,2012-05-18,0.28013757,1
85655,2012-05-18,0.30666357,0
85656,2012-05-18,0.22177286,0
85657,2012-05-18,0.3935236,1
85658,2012-05-18,0.5080026,0
85659,2012-05-18,0.61781496,0
85660,2012-05-18,0.7442032,0
85661,2012-05-18,0.36835775,0
85662,2012-05-18,0.30813354,0
85663,2012-05-18,0.4728118,0
85664,2012-05-18,0.08823447,0
85665,2012-05-18,0.5378778,0
85666,2012-05-18,0.5381469,1
85667,2012-05-18,0.091187276,0
85668,2012-05-18,0.22829722,0
85669,2012-05-18,0.3195154,0
85670,2012-05-18,0.11160468,0
85671,2012-05-18,0.35315067,0
85672,2012-05-18,0.06700664,0
85673,2012-05-18,0.30238768,0
85674,2012-05-18,0.055257246,1
85675,2012-05-18,0.7050633,0
85676,2012-05-18,0.4060525,1
85677,2012-05-18,0.06608835,0
85678,2012-05-18,0.2744075,0
85679,2012-05-18,0.29415494,1
85680,2012-05-18,0.43193528,0
85681,2012-05-18,0.31990194,0
85682,2012-05-18,0.4147218,0
85683,2012-05-18,0.5454308,0
85684,2012-05-18,0.08686413,1
85685,2012-05-18,0.17382626,0
85686,2012-05-18,0.09393069,0
85687,2012-05-18,0.83440626,1
85688,2012-05-18,0.36902493,0
85689,2012-05-18,0.4953382,1
85690,2012-05-18,0.037617017,0
85691,2012-05-18,0.58478093,1
85692,2012-05-18,0.36615095,1
85693,2012-05-18,0.17647178,1
85694,2012-05-18,0.1704365,0
85695,2012-05-18,0.49837267,1
85696,2012-05-18,0.41909245,0
85697,2012-05-18,0.37714803,1
85698,2012-05-18,0.64776284,1
85699,2012-05-18,0.15715945,0
85700,2012-05-18,0.5003014,1
85701,2012-05-18,0.43555996,0
85702,2012-05-18,0.1715442,0
85703,2012-05-18,0.0802332,0
85704,2012-05-18,0.26872566,1
85705,2012-05-18,0.6452724,0
85706,2012-05-18,0.29502192,0
85707,2012-05-18,0.45294183,0
85708,2012-05-18,0.124609545,0
85709,2012-05-18,0.2019043,1
85710,2012-05-18,0.3305087,0
85711,2012-05-18,0.49363336,0
85712,2012-05-18,0.017506523,0
85713,2012-05-18,0.11125043,0
85714,2012-05-18,0.6602929,1
85715,2012-05-18,0.5545767,0
85716,2012-05-18,0.3394776,1
85717,2012-05-18,0.505991,1
85718,2012-05-18,0.12049354,0
85719,2012-05-18,0.8736079,0
85720,2012-05-18,0.4425397,1
85721,2012-05-18,0.20921622,1
85722,2012-05-18,0.3401709,1
85723,2012-05-18,0.66685694,0
85724,2012-05-18,0.039223544,0
85725,2012-05-18,0.07569633,0
85726,2012-05-18,0.6290444,0
85727,2012-05-18,0.03168098,0
85728,2012-05-18,0.030308174,0
85729,2012-05-18,0.50522405,0
85730,2012-05-18,0.11905284,1
85731,2012-05-18,0.11235459,0
85732,2012-05-18,0.28737345,0
85733,2012-05-18,0.40090367,1
85734,2012-05-18,0.36471835,1
85735,2012-05-18,0.44337562,1
85736,2012-05-18,0.49722326,1
85737,2012-05-18,0.40136826,0
85738,2012-05-18,0.39893502,0
85739,2012-05-18,0.03885552,0
85740,2012-05-18,0.15066674,0
85741,2012-05-18,0.34977692,1
85742,2012-05-18,0.4046019,1
85743,2012-05-18,0.8739459,1
85744,2012-05-18,0.48267525,1
85745,2012-05-18,0.68568295,0
85746,2012-05-18,0.30164555,0
85747,2012-05-18,0.44196957,0
85748,2012-05-18,0.3617535,1
85749,2012-05-18,0.33049935,0
85750,2012-05-18,0.34688273,1
85751,2012-05-18,0.6598566,0
85752,2012-05-18,0.43768206,0
85753,2012-05-18,0.3106057,0
85754,2012-05-18,0.2541013,0
85755,2012-05-18,0.33933455,1
85756,2012-05-18,0.5180048,0
85757,2012-05-18,0.14143795,1
85758,2012-05-18,0.2697225,0
85759,2012-05-18,0.106900305,0
85760,2012-05-18,0.04790748,0
85761,2012-05-18,0.13077733,0
85762,2012-05-18,0.73615015,1
85763,2012-05-18,0.05980979,1
85764,2012-05-18,0.28568092,0
85765,2012-05-18,0.086134814,1
85766,2012-05-18,0.32975614,0
85767,2012-05-18,0.4674016,0
85768,2012-05-18,0.39411765,0
85769,2012-05-18,0.67484045,1
85770,2012-05-18,0.35661703,0
85771,2012-05-19,0.03155011,0
85772,2012-05-19,0.064730175,0
85773,2012-05-19,0.5407524,0
85774,2012-05-19,0.46903446,1
85775,2012-05-19,0.28155902,1
85776,2012-05-19,0.05369256,0
85777,2012-05-19,0.14097905,0
85778,2012-05-19,0.13944948,1
85779,2012-05-19,0.5462702,1
85780,2012-05-19,0.12395781,0
85781,2012-05-19,0.53547287,0
85782,2012-05-19,0.18942448,0
85783,2012-05-19,0.35102075,1
85784,2012-05-19,0.39571944,0
85785,2012-05-19,0.09690187,0
85786,2012-05-19,0.16273326,1
85787,2012-05-19,0.6185427,0
85788,2012-05-19,0.59754986,0
85789,2012-05-19,0.057650153,1
85790,2012-05-19,0.45058167,1
85791,2012-05-19,0.34492245,0
85792,2012-05-19,0.40482038,1
85793,2012-05-19,0.38911197,1
85794,2012-05-19,0.1821537,1
85795,2012-05-19,0.7219142,1
85796,2012-05-19,0.54796106,0
85797,2012-05-19,0.44520155,0
85798,2012-05-19,0.19396602,0
85799,2012-05-19,0.08067124,0
85800,2012-05-19,0.36558205,0
85801,2012-05-19,0.14761005,0
85802,2012-05-19,0.49774015,0
85803,2012-05-19,0.5225996,1
85804,2012-05-19,0.70633894,0
85805,2012-05-19,0.77468365,0
85806,2012-05-19,0.12853964,0
85807,2012-05-19,0.20150949,0
85808,2012-05-19,0.11326035,1
85809,2012-05-19,0.36452517,0
85810,2012-05-19,0.20563564,0
85811,2012-05-19,0.146479,0
85812,2012-05-19,0.09880439,0
85813,2012-05-19,0.44522312,0
85814,2012-05-19,0.7503651,0
85815,2012-05-19,0.22123677,1
85816,2012-05-19,0.089881256,0
85817,2012-05-19,0.21276999,0
85818,2012-05-19,0.1862524,0
85819,2012-05-19,0.24201465,1
85820,2012-05-19,0.20398529,0
85821,2012-05-19,0.11302882,0
85822,2012-05-19,0.4005952,0
85823,2012-05-19,0.715324,0
85824,2012-05-19,0.35900983,0
85825,2012-05-19,0.31432787,0
85826,2012-05-19,0.8928741,1
85827,2012-05-19,0.14745657,1
85828,2012-05-19,0.14475067,0
85829,2012-05-19,0.21479905,0
85830,2012-05-19,0.3274618,1
85831,2012-05-19,0.7458797,0
85832,2012-05-19,0.24283509,1
85833,2012-05-19,0.31395596,1
85834,2012-05-19,0.1853718,0
85835,2012-05-19,0.12587835,1
85836,2012-05-19,0.549005,0
85837,2012-05-19,0.66500676,1
85838,2012-05-19,0.15123372,0
85839,2012-05-19,0.13512987,0
85840,2012-05-19,0.28195736,1
85841,2012-05-19,0.51019907,1
85842,2012-05-19,0.6515979,0
85843,2012-05-19,0.24140735,0
85844,2012-05-19,0.14193177,0
85845,2012-05-19,0.11177595,1
85846,2012-05-19,0.1809282,1
85847,2012-05-19,0.31788874,0
85848,2012-05-19,0.03707024,0
85849,2012-05-19,0.09332361,1
85850,2012-05-19,0.11222004,0
85851,2012-05-19,0.53171796,1
85852,2012-05-19,0.545982,0
85853,2012-05-19,0.22158329,0
85854,2012-05-19,0.28516263,1
85855,2012-05-19,0.53141403,0
85856,2012-05-19,0.48927796,1
85857,2012-05-19,0.065851964,1
85858,2012-05-19,0.48763743,0
85859,2012-05-19,0.105182394,0
85860,2012-05-19,0.27275735,1
85861,2012-05-19,0.3245994,0
85862,2012-05-19,0.2599584,1
85863,2012-05-19,0.6471077,0
85864,2012-05-19,0.7177709,0
85865,2012-05-19,0.4457334,0
85866,2012-05-19,0.46069667,1
85867,2012-05-19,0.13075827,0
85868,2012-05-19,0.19074409,1
85869,2012-05-19,0.6538147,1
85870,2012-05-19,0.4802805,1
85871,2012-05-19,0.286646,1
85872,2012-05-19,0.047349975,0
85873,2012-05-19,0.63214564,0
85874,2012-05-19,0.20186962,0
85875,2012-05-19,0.1074231,0
85876,2012-05-19,0.19023514,1
85877,2012-05-19,0.470821,0
85878,2012-05-19,0.13369015,0
85879,2012-05-19,0.3856421,0
85880,2012-05-19,0.1308315,1
85881,2012-05-19,0.06833206,1
85882,2012-05-19,0.2021913,1
85883,2012-05-19,0.11865565,1
85884,2012-05-19,0.14198694,0
85885,2012-05-19,0.6843307,1
85886,2012-05-19,0.63284403,0
85887,2012-05-19,0.15747842,0
85888,2012-05-19,0.5497748,0
85889,2012-05-19,0.044174835,1
85890,2012-05-19,0.51853895,1
85891,2012-05-19,0.3493685,0
85892,2012-05-19,0.11998446,1
85893,2012-05-19,0.854045,1
85894,2012-05-19,0.7672581,0
85895,2012-05-20,0.67250097,1
85896,2012-05-20,0.7022894,1
85897,2012-05-20,0.194698,1
85898,2012-05-20,0.6711624,0
85899,2012-05-20,0.111921765,0
85900,2012-05-20,0.5215524,1
85901,2012-05-20,0.399547,0
85902,2012-05-20,0.3964357,0
85903,2012-05-20,0.6705306,1
85904,2012-05-20,0.6258643,0
85905,2012-05-20,0.82191193,0
85906,2012-05-20,0.108915195,0
85907,2012-05-20,0.3418376,1
85908,2012-05-20,0.10814896,0
85909,2012-05-20,0.16057904,0
85910,2012-05-20,0.36449212,0
85911,2012-05-20,0.14732766,1
85912,2012-05-20,0.37341413,0
85913,2012-05-20,0.09086656,0
85914,2012-05-20,0.10811261,0
85915,2012-05-20,0.1858873,0
85916,2012-05-20,0.21544594,1
85917,2012-05-20,0.5829203,0
85918,2012-05-20,0.48376137,1
85919,2012-05-20,0.23780474,0
85920,2012-05-20,0.10037936,0
85921,2012-05-20,0.24579382,0
85922,2012-05-20,0.3461986,1
85923,2012-05-20,0.4993606,1
85924,2012-05-20,0.45609555,1
85925,2012-05-20,0.0071840207,0
85926,2012-05-20,0.71411926,1
85927,2012-05-20,0.657902,1
85928,2012-05-20,0.22369626,1
85929,2012-05-20,0.37318477,1
85930,2012-05-20,0.18000996,0
85931,2012-05-20,0.37494358,0
85932,2012-05-20,0.16655529,0
85933,2012-05-20,0.51602757,0
85934,2012-05-20,0.761008,0
85935,2012-05-20,0.5024096,0
85936,2012-05-20,0.8888019,1
85937,2012-05-20,0.02828974,0
85938,2012-05-20,0.4446404,0
85939,2012-05-20,0.23411953,0
85940,2012-05-20,0.42904434,1
85941,2012-05-20,0.070838995,0
85942,2012-05-20,0.23309803,0
85943,2012-05-20,0.626886,1
85944,2012-05-20,0.15175365,0
85945,2012-05-20,0.3329573,0
85946,2012-05-20,0.68814445,0
85947,2012-05-20,0.31071857,1
85948,2012-05-20,0.18946591,0
85949,2012-05-20,0.22154354,1
85950,2012-05-20,0.49329606,0
85951,2012-05-20,0.19409958,0
85952,2012-05-20,0.4589656,1
85953,2012-05-20,0.23851259,0
85954,2012-05-20,0.18415236,0
85955,2012-05-20,0.16108587,0
85956,2012-05-20,0.16897534,0
85957,2012-05-20,0.15182953,0
85958,2012-05-20,0.38432258,1
85959,2012-05-20,0.20882902,1
85960,2012-05-20,0.11252262,0
85961,2012-05-20,0.58457816,1
85962,2012-05-20,0.4795652,0
85963,2012-05-20,0.25582695,0
85964,2012-05-20,0.62217236,0
85965,2012-05-20,0.052899398,0
85966,2012-05-20,0.07100858,0
85967,2012-05-20,0.33632854,0
85968,2012-05-20,0.84468615,1
85969,2012-05-20,0.13370152,1
85970,2012-05-20,0.37952006,0
85971,2012-05-20,0.5846434,0
85972,2012-05-20,0.21411763,0
85973,2012-05-20,0.56502366,1
85974,2012-05-20,0.5441961,0
85975,2012-05-20,0.25815704,1
85976,2012-05-20,0.3412638,0
85977,2012-05-20,0.15139438,0
85978,2012-05-20,0.2205376,0
85979,2012-05-20,0.293759,0
85980,2012-05-20,0.55037135,1
85981,2012-05-20,0.7894538,0
85982,2012-05-20,0.58810174,0
85983,2012-05-20,0.16871153,0
85984,2012-05-20,0.80999404,0
85985,2012-05-20,0.45153946,1
85986,2012-05-20,0.52223295,0
85987,2012-05-20,0.06504981,0
85988,2012-05-20,0.113133766,0
85989,2012-05-20,0.29014146,0
85990,2012-05-20,0.73718953,1
85991,2012-05-20,0.2893191,0
85992,2012-05-20,0.20333834,0
85993,2012-05-20,0.7736633,1
85994,2012-05-20,0.32927656,1
85995,2012-05-20,0.773303,1
85996,2012-05-20,0.16726036,0
85997,2012-05-20,0.48818025,0
85998,2012-05-20,0.32250312,0
85999,2012-05-20,0.35073745,1
86000,2012-05-20,0.15361345,0
86001,2012-05-20,0.50539815,0
86002,2012-05-20,0.39241955,0
86003,2012-05-20,0.156296,1
86004,2012-05-20,0.28778875,0
86005,2012-05-20,0.6058946,1
86006,2012-05-20,0.20587614,1
86007,2012-05-20,0.38537407,0
86008,2012-05-20,0.39146516,0
86009,2012-05-20,0.09519685,1
86010,2012-05-20,0.5738838,0
86011,2012-05-20,0.15471233,0
86012,2012-05-20,0.425234,1
86013,2012-05-20,0.050324034,0
86014,2012-05-20,0.03831139,0
86015,2012-05-20,0.048084054,0
86016,2012-05-20,0.37671736,0
86017,2012-05-20,0.13169596,1
86018,2012-05-20,0.33285347,1
86019,2012-05-20,0.09607622,0
86020,2012-05-20,0.6221114,1
86021,2012-05-20,0.08926682,0
86022,2012-05-20,0.24080877,0
86023,2012-05-20,0.78833616,0
86024,2012-05-20,0.17530404,0
86025,2012-05-20,0.90667665,1
86026,2012-05-20,0.2514998,0
86027,2012-05-20,0.2724015,0
86028,2012-05-20,0.20995475,0
86029,2012-05-20,0.08794161,0
86030,2012-05-20,0.08876578,0
86031,2012-05-20,0.36725602,0
86032,2012-05-20,0.88944995,1
86033,2012-05-20,0.0996686,0
86034,2012-05-20,0.3376129,0
86035,2012-05-20,0.06395918,1
86036,2012-05-20,0.19684373,0
86037,2012-05-20,0.22678077,0
86038,2012-05-20,0.13911514,1
86039,2012-05-20,0.08987131,0
86040,2012-05-20,0.3367687,0
86041,2012-05-20,0.18641846,0
86042,2012-05-20,0.42338696,1
86043,2012-05-20,0.48091626,1
86044,2012-05-20,0.1070424,1
86045,2012-05-20,0.30862433,1
86046,2012-05-20,0.49848753,0
86047,2012-05-20,0.31958768,0
86048,2012-05-20,0.10234129,0
86049,2012-05-20,0.12791073,0
86050,2012-05-20,0.109768994,1
86051,2012-05-20,0.2718601,0
86052,2012-05-20,0.6848119,0
86053,2012-05-20,0.044268724,0
86054,2012-05-20,0.21300527,1
86055,2012-05-20,0.65716064,1
86056,2012-05-20,0.6741107,0
86057,2012-05-20,0.46272814,0
86058,2012-05-20,0.16387953,0
86059,2012-05-20,0.43848786,1
86060,2012-05-20,0.08327654,0
86061,2012-05-20,0.36557657,0
86062,2012-05-20,0.38757107,0
86063,2012-05-20,0.15108752,0
86064,2012-05-20,0.5261414,0
86065,2012-05-20,0.43755013,0
86066,2012-05-20,0.3541838,0
86067,2012-05-20,0.062412817,0
86068,2012-05-20,0.5549733,0
86069,2012-05-20,0.72662747,0
86070,2012-05-20,0.36589375,0
86071,2012-05-20,0.08794161,0
86072,2012-05-20,0.76993376,1
86073,2012-05-20,0.35947403,1
86074,2012-05-20,0.108907625,1
86075,2012-05-20,0.22555745,0
86076,2012-05-20,0.021853494,0
86077,2012-05-20,0.08660187,0
86078,2012-05-20,0.57058823,1
86079,2012-05-20,0.24404325,0
86080,2012-05-20,0.46142328,0
86081,2012-05-20,0.24082509,0
86082,2012-05-20,0.32914934,0
86083,2012-05-20,0.23457289,1
86084,2012-05-20,0.14710255,0
86085,2012-05-20,0.7558954,1
86086,2012-05-20,0.05286988,1
86087,2012-05-20,0.23040552,1
86088,2012-05-20,0.4242099,0
86089,2012-05-20,0.1070424,1
86090,2012-05-20,0.54741853,1
86091,2012-05-20,0.20009205,1
86092,2012-05-20,0.45096776,0
86093,2012-05-20,0.8887637,1
86094,2012-05-20,0.28214532,0
86095,2012-05-20,0.6296506,1
86096,2012-05-20,0.20954643,0
86097,2012-05-20,0.3257073,0
86098,2012-05-20,0.26930204,1
86099,2012-05-20,0.5405851,0
86100,2012-05-20,0.23828803,1
86101,2012-05-20,0.05153544,0
86102,2012-05-20,0.5767671,1
86103,2012-05-20,0.3489131,1
86104,2012-05-20,0.74262124,0
86105,2012-05-20,0.54893404,0
86106,2012-05-20,0.26117885,0
86107,2012-05-20,0.47914314,1
86108,2012-05-20,0.3132043,0
86109,2012-05-20,0.3059084,1
86110,2012-05-20,0.28270352,0
86111,2012-05-20,0.40749928,0
86112,2012-05-20,0.30271864,1
86113,2012-05-20,0.26698288,1
86114,2012-05-20,0.8140842,1
86115,2012-05-20,0.26331034,0
86116,2012-05-20,0.4254468,1
86117,2012-05-20,0.28678864,0
86118,2012-05-20,0.22916403,0
86119,2012-05-20,0.1393534,0
86120,2012-05-20,0.26503727,0
86121,2012-05-20,0.23492795,0
86122,2012-05-20,0.22783813,0
86123,2012-05-20,0.4464427,0
86124,2012-05-20,0.12648316,0
86125,2012-05-20,0.111921765,0
86126,2012-05-20,0.8349095,1
86127,2012-05-20,0.093106695,1
86128,2012-05-20,0.12552094,1
86129,2012-05-20,0.12117119,0
86130,2012-05-20,0.1212601,0
86131,2012-05-20,0.11144217,0
86132,2012-05-20,0.41859195,0
86133,2012-05-20,0.6805661,0
86134,2012-05-20,0.34551814,0
86135,2012-05-20,0.74893284,0
86136,2012-05-20,0.05524974,1
86137,2012-05-20,0.32822463,0
86138,2012-05-20,0.31257567,1
86139,2012-05-20,0.3457268,0
86140,2012-05-20,0.49745148,1
86141,2012-05-20,0.10860158,0
86142,2012-05-20,0.19873801,0
86143,2012-05-20,0.49573198,1
86144,2012-05-20,0.36765966,0
86145,2012-05-20,0.2872832,1
86146,2012-05-20,0.6489437,1
86147,2012-05-20,0.26976562,1
86148,2012-05-20,0.40680638,0
86149,2012-05-20,0.8339525,0
86150,2012-05-20,0.31364444,1
86151,2012-05-21,0.04793169,0
86152,2012-05-21,0.81237924,1
86153,2012-05-21,0.47757187,0
86154,2012-05-21,0.2812432,1
86155,2012-05-21,0.046552405,0
86156,2012-05-21,0.32720903,0
86157,2012-05-21,0.03084391,0
86158,2012-05-21,0.6337565,0
86159,2012-05-21,0.14052281,0
86160,2012-05-21,0.15641056,0
86161,2012-05-21,0.34941494,0
86162,2012-05-21,0.03965981,0
86163,2012-05-21,0.5344378,1
86164,2012-05-21,0.32148483,1
86165,2012-05-21,0.059052773,1
86166,2012-05-21,0.059457827,0
86167,2012-05-21,0.06341711,0
86168,2012-05-21,0.10115669,1
86169,2012-05-21,0.6813617,0
86170,2012-05-21,0.49946293,1
86171,2012-05-21,0.6092351,1
86172,2012-05-21,0.14208946,0
86173,2012-05-21,0.51800925,1
86174,2012-05-21,0.08167791,0
86175,2012-05-21,0.030660884,0
86176,2012-05-21,0.20550957,0
86177,2012-05-21,0.5055509,0
86178,2012-05-21,0.62769806,1
86179,2012-05-21,0.8945678,1
86180,2012-05-21,0.33161297,0
86181,2012-05-21,0.36253232,0
86182,2012-05-21,0.13285817,0
86183,2012-05-21,0.23150282,0
86184,2012-05-21,0.23183192,1
86185,2012-05-21,0.24518806,1
86186,2012-05-21,0.025437467,0
86187,2012-05-21,0.44010407,1
86188,2012-05-21,0.72204226,1
86189,2012-05-21,0.40262228,0
86190,2012-05-21,0.24915123,0
86191,2012-05-21,0.34114495,0
86192,2012-05-21,0.64639807,0
86193,2012-05-21,0.123537235,0
86194,2012-05-21,0.17293116,0
86195,2012-05-21,0.47866625,1
86196,2012-05-21,0.51841587,0
86197,2012-05-21,0.5876618,1
86198,2012-05-21,0.08770973,0
86199,2012-05-21,0.6685374,0
86200,2012-05-21,0.28456602,0
86201,2012-05-21,0.27696994,1
86202,2012-05-21,0.19430262,0
86203,2012-05-21,0.60785025,1
86204,2012-05-21,0.39716887,1
86205,2012-05-21,0.53905326,1
86206,2012-05-21,0.14950497,0
86207,2012-05-21,0.3792011,0
86208,2012-05-21,0.35008013,0
86209,2012-05-21,0.258428,0
86210,2012-05-21,0.7877053,1
86211,2012-05-21,0.26929334,1
86212,2012-05-21,0.91225964,0
86213,2012-05-21,0.374996,0
86214,2012-05-21,0.76411915,1
86215,2012-05-21,0.7758092,1
86216,2012-05-21,0.28667635,1
86217,2012-05-21,0.23154268,1
86218,2012-05-21,0.17446692,1
86219,2012-05-21,0.52779055,0
86220,2012-05-21,0.028685555,0
86221,2012-05-21,0.4094886,0
86222,2012-05-21,0.1399862,0
86223,2012-05-21,0.24002036,0
86224,2012-05-21,0.24364398,1
86225,2012-05-21,0.35527137,1
86226,2012-05-21,0.39797872,0
86227,2012-05-21,0.50472534,1
86228,2012-05-21,0.57984984,1
86229,2012-05-21,0.25306657,1
86230,2012-05-21,0.20572023,0
86231,2012-05-21,0.5808387,1
86232,2012-05-21,0.10400832,0
86233,2012-05-21,0.49292156,1
86234,2012-05-21,0.25641555,1
86235,2012-05-21,0.47349212,0
86236,2012-05-21,0.79144543,0
86237,2012-05-21,0.06960242,0
86238,2012-05-21,0.093465194,1
86239,2012-05-21,0.41094738,0
86240,2012-05-21,0.4594705,1
86241,2012-05-21,0.23788507,0
86242,2012-05-21,0.800964,0
86243,2012-05-21,0.0183362,0
86244,2012-05-21,0.89679945,0
86245,2012-05-21,0.32760453,1
86246,2012-05-21,0.13230959,0
86247,2012-05-21,0.22226429,0
86248,2012-05-21,0.43465388,0
86249,2012-05-21,0.25851372,1
86250,2012-05-21,0.058559395,1
86251,2012-05-21,0.38151422,0
86252,2012-05-21,0.756419,1
86253,2012-05-21,0.17717311,1
86254,2012-05-21,0.3481582,0
86255,2012-05-21,0.19633292,0
86256,2012-05-21,0.27111036,0
86257,2012-05-21,0.4716887,1
86258,2012-05-21,0.18835166,1
86259,2012-05-21,0.04722611,0
86260,2012-05-21,0.36371973,0
86261,2012-05-21,0.3969869,0
86262,2012-05-21,0.5267597,0
86263,2012-05-21,0.32417464,1
86264,2012-05-21,0.5173374,1
86265,2012-05-21,0.23480369,1
86266,2012-05-21,0.50627834,0
86267,2012-05-21,0.3681907,0
86268,2012-05-21,0.31893963,1
86269,2012-05-21,0.23803568,0
86270,2012-05-21,0.46368265,1
86271,2012-05-21,0.119961016,0
86272,2012-05-21,0.13954052,0
86273,2012-05-21,0.2282449,0
86274,2012-05-21,0.50515145,0
86275,2012-05-21,0.028327372,0
86276,2012-05-21,0.5207846,0
86277,2012-05-21,0.36147374,1
86278,2012-05-21,0.48150352,0
86279,2012-05-21,0.07144455,0
86280,2012-05-21,0.70637107,1
86281,2012-05-21,0.29098517,0
86282,2012-05-21,0.35309356,1
86283,2012-05-21,0.63095474,0
86284,2012-05-21,0.3387407,0
86285,2012-05-21,0.8513366,1
86286,2012-05-21,0.20451818,0
86287,2012-05-21,0.14875014,0
86288,2012-05-21,0.19743167,1
86289,2012-05-21,0.14011224,0
86290,2012-05-21,0.5198909,0
86291,2012-05-21,0.47315,1
86292,2012-05-21,0.042859286,0
86293,2012-05-21,0.28448823,0
86294,2012-05-21,0.27559578,0
86295,2012-05-21,0.15445492,0
86296,2012-05-21,0.29551673,0
86297,2012-05-21,0.22674027,0
86298,2012-05-21,0.50919193,1
86299,2012-05-21,0.6035582,1
86300,2012-05-21,0.56376994,1
86301,2012-05-21,0.54510474,1
86302,2012-05-21,0.5805139,0
86303,2012-05-21,0.31051007,0
86304,2012-05-21,0.23194966,0
86305,2012-05-21,0.20072249,1
86306,2012-05-21,0.13090034,0
86307,2012-05-21,0.15043746,0
86308,2012-05-21,0.60945296,1
86309,2012-05-21,0.23522492,0
86310,2012-05-21,0.030893207,0
86311,2012-05-21,0.14175934,0
86312,2012-05-21,0.69855654,1
86313,2012-05-21,0.6937489,1
86314,2012-05-21,0.60917026,0
86315,2012-05-21,0.11457647,0
86316,2012-05-21,0.6389681,0
86317,2012-05-21,0.030624585,0
86318,2012-05-21,0.69084495,1
86319,2012-05-21,0.036173236,0
86320,2012-05-21,0.078842625,0
86321,2012-05-21,0.33103716,0
86322,2012-05-21,0.16743411,1
86323,2012-05-21,0.6561122,0
86324,2012-05-21,0.38700128,0
86325,2012-05-21,0.33152577,0
86326,2012-05-21,0.586331,0
86327,2012-05-21,0.67816764,0
86328,2012-05-21,0.17894503,1
86329,2012-05-21,0.7885176,1
86330,2012-05-21,0.4174762,0
86331,2012-05-21,0.51730204,0
86332,2012-05-21,0.59126955,0
86333,2012-05-21,0.20579673,1
86334,2012-05-21,0.41331258,0
86335,2012-05-21,0.6300171,0
86336,2012-05-21,0.02990149,0
86337,2012-05-21,0.42766675,1
86338,2012-05-21,0.826994,0
86339,2012-05-21,0.72383493,1
86340,2012-05-21,0.36329582,1
86341,2012-05-21,0.098917894,1
86342,2012-05-21,0.05966585,0
86343,2012-05-21,0.02990149,0
86344,2012-05-21,0.3174185,0
86345,2012-05-21,0.4987092,1
86346,2012-05-21,0.50606877,1
86347,2012-05-21,0.82489693,0
86348,2012-05-21,0.6219637,1
86349,2012-05-21,0.53112733,0
86350,2012-05-21,0.049636215,0
86351,2012-05-21,0.52214867,1
86352,2012-05-21,0.17421015,0
86353,2012-05-21,0.22137082,1
86354,2012-05-21,0.64689106,0
86355,2012-05-21,0.28362313,0
86356,2012-05-21,0.64271766,1
86357,2012-05-21,0.27595466,1
86358,2012-05-21,0.4459762,0
86359,2012-05-21,0.23234907,1
86360,2012-05-21,0.094152264,0
86361,2012-05-21,0.10484793,0
86362,2012-05-22,0.3202532,1
86363,2012-05-22,0.25389275,0
86364,2012-05-22,0.1520195,0
86365,2012-05-22,0.25144163,0
86366,2012-05-22,0.15124795,0
86367,2012-05-22,0.47541648,0
86368,2012-05-22,0.06967933,0
86369,2012-05-22,0.6416641,0
86370,2012-05-22,0.54934573,1
86371,2012-05-22,0.2822517,0
86372,2012-05-22,0.38572732,0
86373,2012-05-22,0.35161403,1
86374,2012-05-22,0.2580993,0
86375,2012-05-22,0.48814473,0
86376,2012-05-22,0.113531254,0
86377,2012-05-22,0.11774651,0
86378,2012-05-22,0.22130929,0
86379,2012-05-22,0.886655,0
86380,2012-05-22,0.7081669,1
86381,2012-05-22,0.12343345,0
86382,2012-05-22,0.5176751,0
86383,2012-05-22,0.1637658,0
86384,2012-05-22,0.13305631,0
86385,2012-05-22,0.3384299,0
86386,2012-05-22,0.68798137,0
86387,2012-05-22,0.2805807,0
86388,2012-05-22,0.27816883,0
86389,2012-05-22,0.49900728,0
86390,2012-05-22,0.18386588,0
86391,2012-05-22,0.06505328,0
86392,2012-05-22,0.25555748,0
86393,2012-05-22,0.81374323,1
86394,2012-05-22,0.57138485,0
86395,2012-05-22,0.3234648,0
86396,2012-05-22,0.33081412,1
86397,2012-05-22,0.10829252,0
86398,2012-05-22,0.42798585,1
86399,2012-05-22,0.17869638,1
86400,2012-05-22,0.24740584,0
86401,2012-05-22,0.2125044,1
86402,2012-05-22,0.24079245,0
86403,2012-05-22,0.41246495,0
86404,2012-05-22,0.30627298,1
86405,2012-05-22,0.20811835,1
86406,2012-05-22,0.48981804,0
86407,2012-05-22,0.6622753,1
86408,2012-05-22,0.37434143,1
86409,2012-05-22,0.14605233,0
86410,2012-05-22,0.22336532,1
86411,2012-05-22,0.7317555,0
86412,2012-05-22,0.16626337,0
86413,2012-05-22,0.9040912,1
86414,2012-05-22,0.36373943,1
86415,2012-05-22,0.054707162,0
86416,2012-05-22,0.558736,0
86417,2012-05-22,0.29537192,1
86418,2012-05-22,0.22866274,0
86419,2012-05-22,0.3281917,0
86420,2012-05-22,0.19631977,1
86421,2012-05-22,0.15369003,1
86422,2012-05-22,0.24672388,1
86423,2012-05-22,0.39007834,0
86424,2012-05-22,0.2097665,0
86425,2012-05-22,0.32644895,0
86426,2012-05-22,0.10409529,0
86427,2012-05-22,0.5800659,1
86428,2012-05-22,0.22083469,0
86429,2012-05-22,0.3557342,0
86430,2012-05-22,0.13011122,0
86431,2012-05-22,0.17312306,0
86432,2012-05-22,0.54203534,1
86433,2012-05-22,0.7568049,0
86434,2012-05-22,0.60787505,1
86435,2012-05-22,0.46467578,1
86436,2012-05-22,0.2564347,0
86437,2012-05-22,0.22162914,0
86438,2012-05-22,0.40379614,0
86439,2012-05-22,0.43935093,0
86440,2012-05-22,0.44099066,0
86441,2012-05-22,0.07630957,0
86442,2012-05-22,0.26103553,0
86443,2012-05-22,0.32360536,0
86444,2012-05-22,0.20098674,1
86445,2012-05-22,0.39461848,1
86446,2012-05-22,0.124638975,0
86447,2012-05-22,0.3279927,1
86448,2012-05-22,0.25296488,1
86449,2012-05-22,0.11445433,0
86450,2012-05-22,0.9360965,0
86451,2012-05-22,0.19192043,0
86452,2012-05-22,0.29645216,1
86453,2012-05-22,0.25899306,0
86454,2012-05-22,0.32792804,0
86455,2012-05-22,0.12966691,0
86456,2012-05-22,0.48701334,0
86457,2012-05-22,0.39482427,0
86458,2012-05-22,0.5315259,1
86459,2012-05-22,0.74212235,1
86460,2012-05-22,0.52713525,1
86461,2012-05-22,0.4726337,0
86462,2012-05-22,0.063169785,1
86463,2012-05-22,0.616765,0
86464,2012-05-22,0.4960596,1
86465,2012-05-22,0.092381604,0
86466,2012-05-22,0.6804365,0
86467,2012-05-22,0.3807797,0
86468,2012-05-22,0.30865446,1
86469,2012-05-22,0.19894184,0
86470,2012-05-22,0.36874628,0
86471,2012-05-22,0.41490576,1
86472,2012-05-22,0.42191318,0
86473,2012-05-22,0.5396708,0
86474,2012-05-22,0.23980483,0
86475,2012-05-22,0.5065973,0
86476,2012-05-22,0.12638748,1
86477,2012-05-22,0.38662368,0
86478,2012-05-22,0.52082,1
86479,2012-05-22,0.7338959,1
86480,2012-05-22,0.17781101,0
86481,2012-05-22,0.6638976,1
86482,2012-05-22,0.6354519,0
86483,2012-05-22,0.3602124,0
86484,2012-05-22,0.016068505,0
86485,2012-05-22,0.41594017,0
86486,2012-05-22,0.024462733,1
86487,2012-05-22,0.74339885,0
86488,2012-05-22,0.8024686,1
86489,2012-05-22,0.14172556,0
86490,2012-05-22,0.7357846,0
86491,2012-05-22,0.5822565,1
86492,2012-05-22,0.06397165,0
86493,2012-05-22,0.03232117,1
86494,2012-05-22,0.55649567,0
86495,2012-05-22,0.85710603,1
86496,2012-05-22,0.20064811,0
86497,2012-05-22,0.29369706,1
86498,2012-05-22,0.13412674,0
86499,2012-05-22,0.6929125,1
86500,2012-05-22,0.5201835,0
86501,2012-05-22,0.6594198,1
86502,2012-05-22,0.09372536,1
86503,2012-05-22,0.8142637,1
86504,2012-05-22,0.15379842,0
86505,2012-05-22,0.58865696,1
86506,2012-05-22,0.2001906,0
86507,2012-05-22,0.16682856,0
86508,2012-05-22,0.754987,1
86509,2012-05-22,0.39191112,0
86510,2012-05-22,0.048245694,0
86511,2012-05-22,0.65376025,0
86512,2012-05-22,0.6303643,1
86513,2012-05-22,0.50602704,1
86514,2012-05-22,0.8202186,1
86515,2012-05-22,0.029828869,0
86516,2012-05-22,0.6222762,1
86517,2012-05-22,0.8421045,1
86518,2012-05-22,0.6716738,1
86519,2012-05-22,0.38393113,1
86520,2012-05-22,0.3336809,0
86521,2012-05-22,0.46530935,1
86522,2012-05-22,0.5712978,1
86523,2012-05-22,0.54278344,0
86524,2012-05-22,0.15384796,1
86525,2012-05-22,0.10176118,0
86526,2012-05-22,0.17507571,0
86527,2012-05-23,0.21210407,0
86528,2012-05-23,0.5086881,1
86529,2012-05-23,0.21590766,0
86530,2012-05-23,0.18524519,0
86531,2012-05-23,0.39391622,1
86532,2012-05-23,0.07421109,0
86533,2012-05-23,0.3681119,1
86534,2012-05-23,0.47015068,1
86535,2012-05-23,0.4790154,0
86536,2012-05-23,0.26007956,0
86537,2012-05-23,0.08366213,0
86538,2012-05-23,0.41238514,0
86539,2012-05-23,0.25855553,0
86540,2012-05-23,0.3387414,0
86541,2012-05-23,0.25535092,1
86542,2012-05-23,0.3885878,0
86543,2012-05-23,0.12287222,1
86544,2012-05-23,0.43101203,0
86545,2012-05-23,0.17187864,0
86546,2012-05-23,0.2532297,0
86547,2012-05-23,0.46657154,1
86548,2012-05-23,0.7872615,1
86549,2012-05-23,0.23417282,0
86550,2012-05-23,0.27960786,0
86551,2012-05-23,0.486285,0
86552,2012-05-23,0.054586846,0
86553,2012-05-23,0.7452819,0
86554,2012-05-23,0.780975,1
86555,2012-05-23,0.397056,0
86556,2012-05-23,0.2764963,0
86557,2012-05-23,0.29983908,0
86558,2012-05-23,0.21533395,1
86559,2012-05-23,0.3480402,1
86560,2012-05-23,0.33356196,1
86561,2012-05-23,0.4170167,0
86562,2012-05-23,0.4828474,0
86563,2012-05-23,0.018336229,0
86564,2012-05-23,0.63241917,1
86565,2012-05-23,0.264405,0
86566,2012-05-23,0.8668367,1
86567,2012-05-23,0.33272353,1
86568,2012-05-23,0.660824,0
86569,2012-05-23,0.21816848,0
86570,2012-05-23,0.4055353,1
86571,2012-05-23,0.22174035,1
86572,2012-05-23,0.057506353,0
86573,2012-05-23,0.5529395,0
86574,2012-05-23,0.35362837,0
86575,2012-05-23,0.032854337,0
86576,2012-05-23,0.06787129,0
86577,2012-05-23,0.59923214,0
86578,2012-05-23,0.03570698,0
86579,2012-05-23,0.05409022,0
86580,2012-05-23,0.6497939,1
86581,2012-05-23,0.37067962,1
86582,2012-05-23,0.5752258,1
86583,2012-05-23,0.28921002,0
86584,2012-05-23,0.12892875,0
86585,2012-05-23,0.25778607,0
86586,2012-05-23,0.90682137,1
86587,2012-05-23,0.26444173,1
86588,2012-05-23,0.08791354,0
86589,2012-05-23,0.22572167,1
86590,2012-05-23,0.17377828,0
86591,2012-05-23,0.37369353,0
86592,2012-05-23,0.39411566,1
86593,2012-05-23,0.71425825,0
86594,2012-05-23,0.17573646,1
86595,2012-05-23,0.31564835,0
86596,2012-05-23,0.35259703,0
86597,2012-05-23,0.16261446,0
86598,2012-05-23,0.58596,1
86599,2012-05-23,0.6492535,1
86600,2012-05-23,0.062132947,0
86601,2012-05-23,0.55212283,1
86602,2012-05-23,0.38412753,0
86603,2012-05-23,0.5180719,1
86604,2012-05-23,0.61463344,0
86605,2012-05-23,0.3047713,1
86606,2012-05-23,0.5564816,1
86607,2012-05-23,0.06705029,0
86608,2012-05-23,0.31549996,1
86609,2012-05-23,0.16183607,1
86610,2012-05-23,0.3210099,1
86611,2012-05-23,0.090378754,0
86612,2012-05-24,0.41232204,0
86613,2012-05-24,0.24289866,0
86614,2012-05-24,0.5774461,1
86615,2012-05-24,0.35910437,0
86616,2012-05-24,0.42649183,0
86617,2012-05-24,0.67946047,0
86618,2012-05-24,0.036576483,0
86619,2012-05-24,0.25030774,1
86620,2012-05-24,0.4685647,0
86621,2012-05-24,0.2296558,0
86622,2012-05-24,0.39207852,1
86623,2012-05-24,0.49970144,0
86624,2012-05-24,0.24898203,0
86625,2012-05-24,0.4783935,0
86626,2012-05-24,0.28298232,1
86627,2012-05-24,0.6795568,1
86628,2012-05-24,0.22337967,0
86629,2012-05-24,0.030240426,0
86630,2012-05-24,0.149778,1
86631,2012-05-24,0.15048498,0
86632,2012-05-24,0.7213634,1
86633,2012-05-24,0.43888468,1
86634,2012-05-24,0.15587345,1
86635,2012-05-24,0.75608623,0
86636,2012-05-24,0.36495057,0
86637,2012-05-24,0.40550604,0
86638,2012-05-24,0.46254578,0
86639,2012-05-24,0.56336635,0
86640,2012-05-24,0.18074986,0
86641,2012-05-24,0.2848225,0
86642,2012-05-24,0.32504177,0
86643,2012-05-24,0.61197525,1
86644,2012-05-24,0.27258143,0
86645,2012-05-24,0.1050234,1
86646,2012-05-24,0.2751901,0
86647,2012-05-24,0.43942806,0
86648,2012-05-24,0.28933153,0
86649,2012-05-24,0.39983067,0
86650,2012-05-24,0.68672514,0
86651,2012-05-24,0.3974496,0
86652,2012-05-24,0.80597144,0
86653,2012-05-24,0.16348518,0
86654,2012-05-24,0.35583904,0
86655,2012-05-24,0.13331844,1
86656,2012-05-24,0.4987666,1
86657,2012-05-24,0.5847214,0
86658,2012-05-24,0.15381664,0
86659,2012-05-24,0.18957043,0
86660,2012-05-24,0.61388296,1
86661,2012-05-24,0.23795845,0
86662,2012-05-24,0.101220556,1
86663,2012-05-24,0.44841668,1
86664,2012-05-24,0.07980744,1
86665,2012-05-24,0.3666233,0
86666,2012-05-24,0.24679486,0
86667,2012-05-24,0.59521854,1
86668,2012-05-24,0.6497103,0
86669,2012-05-24,0.9390898,1
86670,2012-05-24,0.16602902,0
86671,2012-05-24,0.5095549,0
86672,2012-05-24,0.08420836,0
86673,2012-05-24,0.16429278,1
86674,2012-05-24,0.07030221,0
86675,2012-05-24,0.15914577,0
86676,2012-05-24,0.45393604,1
86677,2012-05-24,0.51521885,0
86678,2012-05-24,0.14838068,1
86679,2012-05-24,0.045193847,0
86680,2012-05-24,0.27588668,1
86681,2012-05-24,0.51433414,0
86682,2012-05-24,0.06943432,1
86683,2012-05-24,0.13036236,0
86684,2012-05-24,0.6698493,0
86685,2012-05-24,0.021803627,0
86686,2012-05-24,0.12227764,0
86687,2012-05-24,0.097332776,0
86688,2012-05-24,0.58770335,1
86689,2012-05-24,0.20919777,1
86690,2012-05-24,0.32037973,1
86691,2012-05-24,0.92938185,1
86692,2012-05-24,0.38643652,0
86693,2012-05-24,0.50615835,1
86694,2012-05-24,0.36893302,0
86695,2012-05-24,0.34619042,1
86696,2012-05-24,0.09600358,1
86697,2012-05-24,0.3740149,1
86698,2012-05-24,0.85853255,1
86699,2012-05-24,0.53043693,0
86700,2012-05-24,0.08249094,0
86701,2012-05-24,0.47124988,1
86702,2012-05-24,0.24599472,0
86703,2012-05-24,0.13960245,0
86704,2012-05-24,0.22446315,0
86705,2012-05-24,0.46356267,1
86706,2012-05-24,0.09934072,1
86707,2012-05-24,0.7504079,0
86708,2012-05-24,0.10792854,0
86709,2012-05-24,0.45763266,0
86710,2012-05-24,0.17342134,0
86711,2012-05-24,0.79131377,1
86712,2012-05-24,0.5712884,1
86713,2012-05-24,0.58672845,0
86714,2012-05-24,0.6799726,1
86715,2012-05-24,0.31129858,1
86716,2012-05-24,0.2245064,0
86717,2012-05-24,0.29318535,0
86718,2012-05-24,0.16389394,0
86719,2012-05-24,0.19963719,0
86720,2012-05-24,0.83168924,1
86721,2012-05-24,0.0955832,0
86722,2012-05-24,0.76591545,1
86723,2012-05-24,0.5896852,1
86724,2012-05-24,0.1058231,0
86725,2012-05-24,0.3184996,1
86726,2012-05-24,0.5203628,1
86727,2012-05-24,0.9046955,1
86728,2012-05-24,0.48078,1
86729,2012-05-24,0.39056063,1
86730,2012-05-24,0.18982503,0
86731,2012-05-24,0.50450695,1
86732,2012-05-24,0.49908483,0
86733,2012-05-24,0.098171696,0
86734,2012-05-25,0.063596666,1
86735,2012-05-25,0.30963784,0
86736,2012-05-25,0.68389255,0
86737,2012-05-25,0.2616497,0
86738,2012-05-25,0.36172745,0
86739,2012-05-25,0.48825967,0
86740,2012-05-25,0.03558163,0
86741,2012-05-25,0.8201982,0
86742,2012-05-25,0.17948206,1
86743,2012-05-25,0.32837382,0
86744,2012-05-25,0.60443366,0
86745,2012-05-25,0.33986974,0
86746,2012-05-25,0.043570325,1
86747,2012-05-25,0.28129578,0
86748,2012-05-25,0.54195994,1
86749,2012-05-25,0.054546025,1
86750,2012-05-25,0.08363636,0
86751,2012-05-25,0.21203195,1
86752,2012-05-25,0.31482556,1
86753,2012-05-25,0.49333203,1
86754,2012-05-25,0.29724535,0
86755,2012-05-25,0.26035786,0
86756,2012-05-25,0.14944077,0
86757,2012-05-25,0.52563226,1
86758,2012-05-25,0.092393026,0
86759,2012-05-25,0.13631245,0
86760,2012-05-25,0.37996784,1
86761,2012-05-25,0.138965,0
86762,2012-05-25,0.63594997,0
86763,2012-05-25,0.16033632,0
86764,2012-05-25,0.4805237,0
86765,2012-05-25,0.57934374,0
86766,2012-05-25,0.24730268,0
86767,2012-05-25,0.09384498,1
86768,2012-05-25,0.6306263,1
86769,2012-05-25,0.52921087,0
86770,2012-05-25,0.3179677,0
86771,2012-05-25,0.09557537,0
86772,2012-05-25,0.5641898,0
86773,2012-05-25,0.25680226,0
86774,2012-05-25,0.02071527,0
86775,2012-05-25,0.006987809,0
86776,2012-05-25,0.12449507,0
86777,2012-05-25,0.2716398,0
86778,2012-05-25,0.23226042,0
86779,2012-05-25,0.12684427,0
86780,2012-05-25,0.12894695,0
86781,2012-05-25,0.23547827,0
86782,2012-05-25,0.12431653,1
86783,2012-05-25,0.74058443,1
86784,2012-05-25,0.59379816,0
86785,2012-05-25,0.14380138,0
86786,2012-05-25,0.48486194,0
86787,2012-05-25,0.5143133,1
86788,2012-05-25,0.15081121,1
86789,2012-05-25,0.5491362,0
86790,2012-05-25,0.49929184,0
86791,2012-05-25,0.43850052,0
86792,2012-05-25,0.53100556,0
86793,2012-05-25,0.3963987,1
86794,2012-05-25,0.70084924,0
86795,2012-05-25,0.39492783,1
86796,2012-05-25,0.22930405,1
86797,2012-05-25,0.83416694,1
86798,2012-05-25,0.25078687,0
86799,2012-05-25,0.20175092,1
86800,2012-05-25,0.2939718,0
86801,2012-05-25,0.11065636,1
86802,2012-05-25,0.35585046,0
86803,2012-05-25,0.29260275,1
86804,2012-05-25,0.117781535,0
86805,2012-05-25,0.33168268,0
86806,2012-05-25,0.6920161,0
86807,2012-05-25,0.36392516,0
86808,2012-05-26,0.5492131,0
86809,2012-05-26,0.63139033,1
86810,2012-05-26,0.3133947,1
86811,2012-05-26,0.28960463,0
86812,2012-05-26,0.07373788,1
86813,2012-05-26,0.77437735,0
86814,2012-05-26,0.46828002,0
86815,2012-05-26,0.5261948,0
86816,2012-05-26,0.13222788,0
86817,2012-05-26,0.07303236,1
86818,2012-05-26,0.17167096,0
86819,2012-05-26,0.44638357,0
86820,2012-05-26,0.08152315,0
86821,2012-05-26,0.32291704,0
86822,2012-05-26,0.4104206,1
86823,2012-05-26,0.61219114,0
86824,2012-05-26,0.46893477,0
86825,2012-05-26,0.5620956,0
86826,2012-05-26,0.25055704,0
86827,2012-05-26,0.18813562,0
86828,2012-05-26,0.11892293,1
86829,2012-05-26,0.65161365,0
86830,2012-05-26,0.80044144,0
86831,2012-05-26,0.60164666,1
86832,2012-05-26,0.34704286,0
86833,2012-05-26,0.30410647,0
86834,2012-05-26,0.26075903,0
86835,2012-05-26,0.7706793,1
86836,2012-05-26,0.5624382,0
86837,2012-05-26,0.39575747,0
86838,2012-05-26,0.2026941,1
86839,2012-05-26,0.6875315,0
86840,2012-05-26,0.72921735,1
86841,2012-05-26,0.72700983,1
86842,2012-05-26,0.3913916,0
86843,2012-05-26,0.070847854,0
86844,2012-05-26,0.26963174,0
86845,2012-05-26,0.09701291,0
86846,2012-05-26,0.87520945,0
86847,2012-05-26,0.22445902,0
86848,2012-05-26,0.2365911,0
86849,2012-05-26,0.28999665,1
86850,2012-05-26,0.14920792,0
86851,2012-05-26,0.08340147,0
86852,2012-05-26,0.42924303,0
86853,2012-05-26,0.25430974,0
86854,2012-05-26,0.13196173,0
86855,2012-05-27,0.20497708,1
86856,2012-05-27,0.025842842,0
86857,2012-05-27,0.3289377,0
86858,2012-05-27,0.2943614,0
86859,2012-05-27,0.21599899,1
86860,2012-05-27,0.18287732,0
86861,2012-05-27,0.08830217,0
86862,2012-05-27,0.21982147,1
86863,2012-05-27,0.7601044,1
86864,2012-05-27,0.5940066,1
86865,2012-05-27,0.571073,0
86866,2012-05-27,0.16452992,0
86867,2012-05-27,0.469699,0
86868,2012-05-27,0.114390865,0
86869,2012-05-27,0.8742388,0
86870,2012-05-27,0.6259319,1
86871,2012-05-27,0.1552775,0
86872,2012-05-27,0.4199627,0
86873,2012-05-27,0.34848973,1
86874,2012-05-27,0.036582608,0
86875,2012-05-27,0.43064874,0
86876,2012-05-27,0.35948786,0
86877,2012-05-27,0.24913758,1
86878,2012-05-27,0.44977772,1
86879,2012-05-27,0.3442109,0
86880,2012-05-27,0.08441127,1
86881,2012-05-27,0.29123122,0
86882,2012-05-27,0.5117797,0
86883,2012-05-27,0.15336567,1
86884,2012-05-27,0.52190566,0
86885,2012-05-27,0.113722175,0
86886,2012-05-27,0.095080145,1
86887,2012-05-27,0.34544078,1
86888,2012-05-27,0.687601,0
86889,2012-05-27,0.51789534,1
86890,2012-05-27,0.25914058,1
86891,2012-05-27,0.9203697,1
86892,2012-05-27,0.22764586,1
86893,2012-05-27,0.39775306,0
86894,2012-05-27,0.13733126,0
86895,2012-05-27,0.15418497,0
86896,2012-05-27,0.043451417,0
86897,2012-05-27,0.14469957,1
86898,2012-05-27,0.26884413,1
86899,2012-05-27,0.17007074,1
86900,2012-05-27,0.07897117,0
86901,2012-05-27,0.18119527,0
86902,2012-05-27,0.57020146,0
86903,2012-05-27,0.114775665,0
86904,2012-05-27,0.20901677,0
86905,2012-05-27,0.12674807,0
86906,2012-05-27,0.12542084,0
86907,2012-05-27,0.3392923,0
86908,2012-05-27,0.8610122,1
86909,2012-05-27,0.4190319,0
86910,2012-05-27,0.5852449,0
86911,2012-05-27,0.1965088,0
86912,2012-05-27,0.21006429,0
86913,2012-05-27,0.6976679,0
86914,2012-05-27,0.35636565,0
86915,2012-05-27,0.104981795,1
86916,2012-05-27,0.38064677,0
86917,2012-05-27,0.5981605,1
86918,2012-05-27,0.16679163,0
86919,2012-05-27,0.4875533,0
86920,2012-05-27,0.03697432,0
86921,2012-05-27,0.5395403,1
86922,2012-05-27,0.34143206,0
86923,2012-05-27,0.3825241,1
86924,2012-05-27,0.10188974,0
86925,2012-05-27,0.33911264,0
86926,2012-05-27,0.5876629,0
86927,2012-05-27,0.52791476,0
86928,2012-05-27,0.048893154,1
86929,2012-05-27,0.19500285,0
86930,2012-05-27,0.17256625,0
86931,2012-05-27,0.27517912,0
86932,2012-05-27,0.68212396,0
86933,2012-05-27,0.08054044,0
86934,2012-05-27,0.23220083,0
86935,2012-05-27,0.14009291,0
86936,2012-05-27,0.3690272,0
86937,2012-05-27,0.5954799,0
86938,2012-05-27,0.38486525,0
86939,2012-05-27,0.3283298,0
86940,2012-05-27,0.09187883,0
86941,2012-05-27,0.15055467,1
86942,2012-05-27,0.21852098,1
86943,2012-05-27,0.17351694,0
86944,2012-05-27,0.7939446,1
86945,2012-05-27,0.42483675,1
86946,2012-05-27,0.045465667,0
86947,2012-05-27,0.25690228,1
86948,2012-05-27,0.36792165,0
86949,2012-05-27,0.36284363,0
86950,2012-05-27,0.40188652,0
86951,2012-05-27,0.1744165,0
86952,2012-05-27,0.2935322,1
86953,2012-05-27,0.058284096,1
86954,2012-05-27,0.09266348,0
86955,2012-05-27,0.04326016,0
86956,2012-05-27,0.22411375,1
86957,2012-05-27,0.6109854,1
86958,2012-05-27,0.14096582,1
86959,2012-05-27,0.20464896,0
86960,2012-05-27,0.6753585,0
86961,2012-05-27,0.026175825,0
86962,2012-05-27,0.44966325,0
86963,2012-05-27,0.62218696,1
86964,2012-05-27,0.18890315,0
86965,2012-05-27,0.113872215,0
86966,2012-05-27,0.12675606,0
86967,2012-05-27,0.37911686,1
86968,2012-05-27,0.24199608,0
86969,2012-05-27,0.094963886,0
86970,2012-05-27,0.12074857,0
86971,2012-05-27,0.2795175,1
86972,2012-05-27,0.20686588,0
86973,2012-05-27,0.60472625,0
86974,2012-05-27,0.5895177,0
86975,2012-05-27,0.26721755,1
86976,2012-05-27,0.06855158,0
86977,2012-05-27,0.30418864,0
86978,2012-05-27,0.11623528,0
86979,2012-05-27,0.53040725,1
86980,2012-05-27,0.057256177,0
86981,2012-05-27,0.3518823,0
86982,2012-05-27,0.53494245,1
86983,2012-05-27,0.2534952,1
86984,2012-05-27,0.5467087,0
86985,2012-05-27,0.3294721,1
86986,2012-05-27,0.3983162,0
86987,2012-05-27,0.12111205,0
86988,2012-05-27,0.1165937,1
86989,2012-05-27,0.19055197,0
86990,2012-05-27,0.6718827,0
86991,2012-05-27,0.27799022,1
86992,2012-05-27,0.062338814,0
86993,2012-05-27,0.19832538,0
86994,2012-05-27,0.59810126,0
86995,2012-05-27,0.6014883,0
86996,2012-05-27,0.28666037,1
86997,2012-05-27,0.36963248,0
86998,2012-05-27,0.5959611,1
86999,2012-05-27,0.028532624,0
87000,2012-05-27,0.1745406,0
87001,2012-05-27,0.42519537,1
87002,2012-05-27,0.37803409,0
87003,2012-05-27,0.56179017,0
87004,2012-05-27,0.6675981,1
87005,2012-05-27,0.23549989,0
87006,2012-05-27,0.48960906,0
87007,2012-05-27,0.5403384,1
87008,2012-05-27,0.64735323,0
87009,2012-05-27,0.3101155,0
87010,2012-05-27,0.7220981,0
87011,2012-05-27,0.29766503,0
87012,2012-05-27,0.2507798,0
87013,2012-05-27,0.15748769,0
87014,2012-05-27,0.4277171,1
87015,2012-05-27,0.23628652,1
87016,2012-05-27,0.23861985,1
87017,2012-05-27,0.77286613,1
87018,2012-05-27,0.47539252,1
87019,2012-05-27,0.21952464,1
87020,2012-05-27,0.39203635,0
87021,2012-05-27,0.08631086,0
87022,2012-05-27,0.1674429,0
87023,2012-05-27,0.05913003,1
87024,2012-05-27,0.35893744,1
87025,2012-05-27,0.23125835,0
87026,2012-05-27,0.57408917,1
87027,2012-05-27,0.5529195,0
87028,2012-05-27,0.10823069,1
87029,2012-05-27,0.84591895,1
87030,2012-05-27,0.4972044,0
87031,2012-05-27,0.19665661,0
87032,2012-05-27,0.37765327,0
87033,2012-05-27,0.33308557,1
87034,2012-05-27,0.5596116,0
87035,2012-05-27,0.15777011,1
87036,2012-05-27,0.28030208,0
87037,2012-05-27,0.87768036,1
87038,2012-05-27,0.48796743,0
87039,2012-05-27,0.31406054,1
87040,2012-05-27,0.5177522,0
87041,2012-05-27,0.601852,0
87042,2012-05-27,0.6364532,0
87043,2012-05-27,0.47650838,0
87044,2012-05-27,0.13639128,0
87045,2012-05-27,0.15252501,0
87046,2012-05-28,0.40634337,1
87047,2012-05-28,0.40226474,1
87048,2012-05-28,0.39036885,0
87049,2012-05-28,0.25820836,0
87050,2012-05-28,0.26850086,0
87051,2012-05-28,0.32626644,0
87052,2012-05-28,0.38924333,1
87053,2012-05-28,0.30920783,0
87054,2012-05-28,0.3093139,1
87055,2012-05-28,0.19032754,0
87056,2012-05-28,0.3011637,0
87057,2012-05-28,0.078928486,0
87058,2012-05-28,0.22329678,1
87059,2012-05-28,0.49520907,0
87060,2012-05-28,0.4274146,0
87061,2012-05-28,0.16154076,0
87062,2012-05-28,0.5947773,1
87063,2012-05-28,0.3968022,1
87064,2012-05-28,0.3000756,0
87065,2012-05-28,0.6838137,1
87066,2012-05-28,0.021968156,0
87067,2012-05-28,0.21064012,1
87068,2012-05-28,0.746681,1
87069,2012-05-28,0.26560208,0
87070,2012-05-28,0.032697067,1
87071,2012-05-28,0.23907353,1
87072,2012-05-28,0.17926039,0
87073,2012-05-28,0.8143727,1
87074,2012-05-28,0.6344142,1
87075,2012-05-28,0.5910902,1
87076,2012-05-28,0.3323278,1
87077,2012-05-28,0.392487,1
87078,2012-05-28,0.1820301,0
87079,2012-05-28,0.6613961,1
87080,2012-05-28,0.40173578,0
87081,2012-05-28,0.38047987,0
87082,2012-05-28,0.01692428,0
87083,2012-05-28,0.2698224,0
87084,2012-05-28,0.38317913,1
87085,2012-05-28,0.6276983,1
87086,2012-05-28,0.56360954,1
87087,2012-05-28,0.41237646,1
87088,2012-05-28,0.33716103,0
87089,2012-05-28,0.53550303,1
87090,2012-05-28,0.06221848,1
87091,2012-05-28,0.9239486,0
87092,2012-05-28,0.199702,0
87093,2012-05-28,0.29886866,0
87094,2012-05-28,0.39543697,0
87095,2012-05-28,0.048999447,0
87096,2012-05-28,0.44653338,1
87097,2012-05-28,0.3843182,1
87098,2012-05-28,0.47673413,1
87099,2012-05-28,0.04818716,0
87100,2012-05-28,0.7435711,0
87101,2012-05-28,0.5412717,0
87102,2012-05-28,0.038986415,1
87103,2012-05-28,0.102981865,1
87104,2012-05-28,0.38656205,0
87105,2012-05-28,0.0976561,0
87106,2012-05-28,0.07524119,0
87107,2012-05-28,0.097133,0
87108,2012-05-28,0.10601556,0
87109,2012-05-28,0.072934195,1
87110,2012-05-28,0.87208897,1
87111,2012-05-28,0.44796884,0
87112,2012-05-28,0.43299654,1
87113,2012-05-28,0.4583319,1
87114,2012-05-28,0.12120419,1
87115,2012-05-28,0.2127386,0
87116,2012-05-28,0.58340865,1
87117,2012-05-28,0.36893895,1
87118,2012-05-28,0.18797478,0
87119,2012-05-28,0.50298667,0
87120,2012-05-28,0.022265201,0
87121,2012-05-28,0.02319586,0
87122,2012-05-28,0.2768739,0
87123,2012-05-28,0.47546935,0
87124,2012-05-28,0.30565122,0
87125,2012-05-28,0.7162555,1
87126,2012-05-28,0.35194892,0
87127,2012-05-28,0.54207975,0
87128,2012-05-28,0.26444733,0
87129,2012-05-28,0.26877305,0
87130,2012-05-28,0.79603195,1
87131,2012-05-28,0.20542957,0
87132,2012-05-28,0.09586836,0
87133,2012-05-28,0.1243578,0
87134,2012-05-28,0.31495085,0
87135,2012-05-28,0.07250633,1
87136,2012-05-28,0.7145867,1
87137,2012-05-28,0.32770637,0
87138,2012-05-28,0.43144566,0
87139,2012-05-28,0.3850753,1
87140,2012-05-28,0.26646665,0
87141,2012-05-28,0.4267859,1
87142,2012-05-28,0.09256506,0
87143,2012-05-28,0.49756336,0
87144,2012-05-28,0.25580177,0
87145,2012-05-28,0.36640123,1
87146,2012-05-28,0.19016477,0
87147,2012-05-28,0.6220718,0
87148,2012-05-28,0.68830043,1
87149,2012-05-28,0.25782108,1
87150,2012-05-28,0.32275897,0
87151,2012-05-28,0.86121935,1
87152,2012-05-28,0.2870849,0
87153,2012-05-28,0.3022309,1
87154,2012-05-28,0.8103944,0
87155,2012-05-28,0.10128849,1
87156,2012-05-28,0.25240976,1
87157,2012-05-28,0.4387935,1
87158,2012-05-28,0.7078931,1
87159,2012-05-28,0.30223283,1
87160,2012-05-28,0.57416844,1
87161,2012-05-28,0.7249053,0
87162,2012-05-28,0.18082461,1
87163,2012-05-28,0.522291,0
87164,2012-05-28,0.33532506,1
87165,2012-05-28,0.23067568,0
87166,2012-05-28,0.49694943,0
87167,2012-05-28,0.5782832,1
87168,2012-05-28,0.3424626,0
87169,2012-05-28,0.14923298,0
87170,2012-05-28,0.6095713,0
87171,2012-05-28,0.07101237,0
87172,2012-05-28,0.29035002,1
87173,2012-05-28,0.5564214,0
87174,2012-05-28,0.32146758,1
87175,2012-05-28,0.1975606,0
87176,2012-05-28,0.65068233,0
87177,2012-05-28,0.15172632,0
87178,2012-05-28,0.51723206,1
87179,2012-05-28,0.3572465,0
87180,2012-05-28,0.28846124,1
87181,2012-05-28,0.4478645,0
87182,2012-05-28,0.32296607,0
87183,2012-05-28,0.20920892,1
87184,2012-05-28,0.6019649,0
87185,2012-05-28,0.81539726,0
87186,2012-05-28,0.010375297,0
87187,2012-05-28,0.046316937,0
87188,2012-05-28,0.13837503,0
87189,2012-05-28,0.11108661,1
87190,2012-05-28,0.30795458,1
87191,2012-05-28,0.3508379,0
87192,2012-05-28,0.11727956,0
87193,2012-05-28,0.5507573,1
87194,2012-05-28,0.06967287,0
87195,2012-05-28,0.36389527,1
87196,2012-05-28,0.3066711,0
87197,2012-05-28,0.028975217,1
87198,2012-05-28,0.66983813,1
87199,2012-05-28,0.13407804,0
87200,2012-05-28,0.88394827,1
87201,2012-05-28,0.42422646,0
87202,2012-05-28,0.32918325,0
87203,2012-05-28,0.10408913,0
87204,2012-05-28,0.19527775,0
87205,2012-05-28,0.025063204,0
87206,2012-05-28,0.3235739,0
87207,2012-05-28,0.73827493,1
87208,2012-05-28,0.4597343,0
87209,2012-05-28,0.073824674,0
87210,2012-05-28,0.6957051,1
87211,2012-05-28,0.5656087,1
87212,2012-05-28,0.1361817,0
87213,2012-05-28,0.60554147,1
87214,2012-05-28,0.53145707,1
87215,2012-05-28,0.021067414,0
87216,2012-05-28,0.2508281,0
87217,2012-05-28,0.44196948,0
87218,2012-05-28,0.14944206,0
87219,2012-05-28,0.3906276,1
87220,2012-05-28,0.044418618,1
87221,2012-05-28,0.14334744,1
87222,2012-05-28,0.487844,0
87223,2012-05-28,0.27811497,0
87224,2012-05-28,0.6832436,1
87225,2012-05-28,0.761357,0
87226,2012-05-28,0.57046616,0
87227,2012-05-28,0.87030447,1
87228,2012-05-28,0.42053577,0
87229,2012-05-28,0.15004,1
87230,2012-05-28,0.6742016,0
87231,2012-05-28,0.22165172,1
87232,2012-05-28,0.32964948,0
87233,2012-05-28,0.030859465,0
87234,2012-05-28,0.88629174,1
87235,2012-05-28,0.7430745,0
87236,2012-05-28,0.053909693,0
87237,2012-05-28,0.25854507,0
87238,2012-05-28,0.32369143,0
87239,2012-05-28,0.48484388,0
87240,2012-05-28,0.031319246,0
87241,2012-05-28,0.016647521,0
87242,2012-05-28,0.20805036,1
87243,2012-05-28,0.30512983,1
87244,2012-05-28,0.5234226,1
87245,2012-05-28,0.8146005,0
87246,2012-05-28,0.37593737,0
87247,2012-05-28,0.4879082,1
87248,2012-05-28,0.5109916,1
87249,2012-05-28,0.20210655,0
87250,2012-05-28,0.06632661,0
87251,2012-05-28,0.35408375,1
87252,2012-05-28,0.5422344,0
87253,2012-05-28,0.8467381,1
87254,2012-05-29,0.33300185,1
87255,2012-05-29,0.43911734,1
87256,2012-05-29,0.16135137,0
87257,2012-05-29,0.11136948,0
87258,2012-05-29,0.1824601,0
87259,2012-05-29,0.667635,0
87260,2012-05-29,0.34149256,0
87261,2012-05-29,0.054770764,1
87262,2012-05-29,0.15868476,0
87263,2012-05-29,0.12326442,0
87264,2012-05-29,0.4163742,1
87265,2012-05-29,0.36324656,1
87266,2012-05-29,0.1792062,1
87267,2012-05-29,0.58103925,1
87268,2012-05-29,0.17371345,1
87269,2012-05-29,0.5881005,0
87270,2012-05-29,0.5595083,1
87271,2012-05-29,0.16262908,0
87272,2012-05-29,0.11352655,1
87273,2012-05-29,0.5076706,1
87274,2012-05-29,0.796762,1
87275,2012-05-29,0.43425387,0
87276,2012-05-29,0.22641897,1
87277,2012-05-29,0.39528087,0
87278,2012-05-29,0.32167494,0
87279,2012-05-29,0.27228487,0
87280,2012-05-29,0.07463026,0
87281,2012-05-29,0.13825265,0
87282,2012-05-29,0.22172181,0
87283,2012-05-29,0.39246574,0
87284,2012-05-29,0.21839419,0
87285,2012-05-29,0.09408946,1
87286,2012-05-29,0.2960521,0
87287,2012-05-29,0.13417022,1
87288,2012-05-29,0.19372736,0
87289,2012-05-29,0.5411835,0
87290,2012-05-29,0.18927604,0
87291,2012-05-29,0.23371886,1
87292,2012-05-29,0.2944896,1
87293,2012-05-29,0.042961393,0
87294,2012-05-29,0.33309737,0
87295,2012-05-29,0.37185088,1
87296,2012-05-29,0.29720244,0
87297,2012-05-29,0.21799183,0
87298,2012-05-29,0.30072036,0
87299,2012-05-29,0.30982497,1
87300,2012-05-29,0.5353115,0
87301,2012-05-29,0.3689213,1
87302,2012-05-29,0.13652183,0
87303,2012-05-29,0.47957933,0
87304,2012-05-29,0.23597544,1
87305,2012-05-29,0.3492318,1
87306,2012-05-29,0.42508677,0
87307,2012-05-29,0.6168185,0
87308,2012-05-29,0.4804276,1
87309,2012-05-29,0.16502593,0
87310,2012-05-29,0.45832527,0
87311,2012-05-29,0.22978474,1
87312,2012-05-29,0.19788769,1
87313,2012-05-29,0.57365686,0
87314,2012-05-29,0.21440545,0
87315,2012-05-29,0.6559414,0
87316,2012-05-29,0.29872286,0
87317,2012-05-29,0.70711505,1
87318,2012-05-29,0.5203799,0
87319,2012-05-29,0.2506387,0
87320,2012-05-29,0.055569407,1
87321,2012-05-29,0.115766175,0
87322,2012-05-29,0.6627714,1
87323,2012-05-29,0.5073528,0
87324,2012-05-29,0.20411718,0
87325,2012-05-29,0.3250004,0
87326,2012-05-29,0.6186247,1
87327,2012-05-29,0.61616826,1
87328,2012-05-29,0.8598893,1
87329,2012-05-29,0.07240085,0
87330,2012-05-29,0.1302624,0
87331,2012-05-29,0.44498113,1
87332,2012-05-29,0.12935805,0
87333,2012-05-29,0.23941706,0
87334,2012-05-29,0.26327866,1
87335,2012-05-29,0.5004322,1
87336,2012-05-29,0.46926183,1
87337,2012-05-29,0.27057266,1
87338,2012-05-29,0.39524263,0
87339,2012-05-29,0.13153404,0
87340,2012-05-29,0.5785265,0
87341,2012-05-29,0.66253656,1
87342,2012-05-29,0.36194268,1
87343,2012-05-29,0.11798289,0
87344,2012-05-29,0.059726078,0
87345,2012-05-29,0.04398058,0
87346,2012-05-29,0.34310988,0
87347,2012-05-29,0.3964708,1
87348,2012-05-29,0.67756945,0
87349,2012-05-29,0.08436215,0
87350,2012-05-29,0.68702275,1
87351,2012-05-29,0.30195296,0
87352,2012-05-29,0.12651719,0
87353,2012-05-29,0.0537807,0
87354,2012-05-29,0.37097436,0
87355,2012-05-29,0.17085741,0
87356,2012-05-29,0.15252951,0
87357,2012-05-29,0.5003119,1
87358,2012-05-29,0.15389583,0
87359,2012-05-29,0.27006686,0
87360,2012-05-29,0.14194421,0
87361,2012-05-29,0.84367794,1
87362,2012-05-29,0.45159343,1
87363,2012-05-29,0.175439,0
87364,2012-05-29,0.22126874,1
87365,2012-05-29,0.5508809,0
87366,2012-05-29,0.5451257,1
87367,2012-05-29,0.65196013,1
87368,2012-05-29,0.34966376,0
87369,2012-05-29,0.090215385,0
87370,2012-05-29,0.048126917,0
87371,2012-05-29,0.044685256,0
87372,2012-05-29,0.46756575,0
87373,2012-05-29,0.5682959,1
87374,2012-05-29,0.22045858,0
87375,2012-05-29,0.046696983,0
87376,2012-05-29,0.46124676,1
87377,2012-05-29,0.31951812,0
87378,2012-05-29,0.46519017,0
87379,2012-05-29,0.47729585,0
87380,2012-05-29,0.4847527,1
87381,2012-05-29,0.33723214,1
87382,2012-05-29,0.13888021,0
87383,2012-05-29,0.3156946,1
87384,2012-05-29,0.104721725,0
87385,2012-05-29,0.23548213,1
87386,2012-05-29,0.20952006,0
87387,2012-05-29,0.061734803,1
87388,2012-05-29,0.28104764,0
87389,2012-05-29,0.58869344,0
87390,2012-05-29,0.15474375,1
87391,2012-05-29,0.15786213,0
87392,2012-05-29,0.14650552,1
87393,2012-05-29,0.21638621,1
87394,2012-05-29,0.14622542,1
87395,2012-05-29,0.2638918,0
87396,2012-05-29,0.47303393,0
87397,2012-05-29,0.06568954,0
87398,2012-05-29,0.14507315,0
87399,2012-05-29,0.14225207,0
87400,2012-05-29,0.2513811,0
87401,2012-05-29,0.029047057,0
87402,2012-05-29,0.3759909,0
87403,2012-05-29,0.10431569,0
87404,2012-05-29,0.19630276,0
87405,2012-05-29,0.34144258,0
87406,2012-05-29,0.27438718,0
87407,2012-05-29,0.3502037,0
87408,2012-05-29,0.45338726,0
87409,2012-05-29,0.31674412,0
87410,2012-05-29,0.17779228,0
87411,2012-05-29,0.52688664,0
87412,2012-05-29,0.022668408,0
87413,2012-05-29,0.12376083,0
87414,2012-05-29,0.79478973,0
87415,2012-05-29,0.47869995,1
87416,2012-05-29,0.5232773,1
87417,2012-05-29,0.26483178,0
87418,2012-05-29,0.4129407,1
87419,2012-05-29,0.5697669,1
87420,2012-05-29,0.5125185,1
87421,2012-05-29,0.38652277,1
87422,2012-05-29,0.47100168,1
87423,2012-05-29,0.10826811,1
87424,2012-05-29,0.23116551,0
87425,2012-05-29,0.8986097,0
87426,2012-05-29,0.28176993,1
87427,2012-05-29,0.069482155,0
87428,2012-05-29,0.184237,0
87429,2012-05-29,0.17135973,0
87430,2012-05-29,0.20873968,0
87431,2012-05-29,0.18950614,1
87432,2012-05-29,0.27861556,1
87433,2012-05-29,0.6117804,0
87434,2012-05-29,0.25694445,0
87435,2012-05-29,0.6065208,0
87436,2012-05-29,0.21203773,0
87437,2012-05-29,0.1048697,0
87438,2012-05-29,0.1631936,1
87439,2012-05-29,0.16434431,0
87440,2012-05-29,0.16255745,0
87441,2012-05-29,0.40403134,0
87442,2012-05-29,0.16540127,0
87443,2012-05-29,0.30876753,0
87444,2012-05-29,0.21807611,1
87445,2012-05-29,0.3124833,1
87446,2012-05-29,0.4357724,0
87447,2012-05-29,0.18260463,0
87448,2012-05-29,0.34744805,1
87449,2012-05-29,0.32839826,0
87450,2012-05-29,0.16641465,0
87451,2012-05-29,0.6190884,1
87452,2012-05-29,0.8155193,1
87453,2012-05-29,0.46344322,0
87454,2012-05-29,0.6819675,1
87455,2012-05-29,0.25144827,0
87456,2012-05-29,0.064048424,0
87457,2012-05-29,0.21862534,0
87458,2012-05-29,0.45701984,1
87459,2012-05-29,0.35538176,1
87460,2012-05-29,0.5612773,1
87461,2012-05-29,0.07275398,0
87462,2012-05-29,0.60252845,1
87463,2012-05-29,0.47734472,0
87464,2012-05-29,0.40031958,0
87465,2012-05-29,0.4686202,0
87466,2012-05-29,0.5800921,1
87467,2012-05-29,0.35519025,0
87468,2012-05-30,0.103824764,0
87469,2012-05-30,0.59562886,0
87470,2012-05-30,0.3152242,1
87471,2012-05-30,0.2606941,0
87472,2012-05-30,0.30775863,0
87473,2012-05-30,0.19265579,0
87474,2012-05-30,0.32319254,1
87475,2012-05-30,0.3504621,1
87476,2012-05-30,0.23923329,0
87477,2012-05-30,0.24810669,0
87478,2012-05-30,0.09760333,1
87479,2012-05-30,0.5588608,1
87480,2012-05-30,0.6448831,0
87481,2012-05-30,0.3806384,1
87482,2012-05-30,0.1687735,0
87483,2012-05-30,0.856952,1
87484,2012-05-30,0.10517775,0
87485,2012-05-30,0.436255,0
87486,2012-05-30,0.26725075,1
87487,2012-05-30,0.81679904,1
87488,2012-05-30,0.45065746,0
87489,2012-05-30,0.42095459,0
87490,2012-05-30,0.029809754,0
87491,2012-05-30,0.19339909,0
87492,2012-05-30,0.70536286,0
87493,2012-05-30,0.25902924,1
87494,2012-05-30,0.11005313,0
87495,2012-05-30,0.2757644,1
87496,2012-05-30,0.10096132,1
87497,2012-05-30,0.4450325,1
87498,2012-05-30,0.22173557,0
87499,2012-05-30,0.04132442,0
87500,2012-05-30,0.49233347,1
87501,2012-05-30,0.32470202,1
87502,2012-05-30,0.26403758,0
87503,2012-05-30,0.7248073,0
87504,2012-05-30,0.17143895,0
87505,2012-05-30,0.24915642,0
87506,2012-05-30,0.28496224,1
87507,2012-05-30,0.53466827,0
87508,2012-05-30,0.02407217,0
87509,2012-05-30,0.47411266,1
87510,2012-05-30,0.67978054,0
87511,2012-05-30,0.15636659,0
87512,2012-05-30,0.31074846,1
87513,2012-05-30,0.06911563,0
87514,2012-05-30,0.56669766,0
87515,2012-05-30,0.27739745,1
87516,2012-05-30,0.6236582,0
87517,2012-05-30,0.21723962,0
87518,2012-05-30,0.10466518,1
87519,2012-05-30,0.3066711,0
87520,2012-05-30,0.026266675,0
87521,2012-05-30,0.12929358,0
87522,2012-05-30,0.70644325,0
87523,2012-05-30,0.584598,0
87524,2012-05-30,0.56812847,0
87525,2012-05-30,0.34303027,0
87526,2012-05-30,0.15905823,0
87527,2012-05-30,0.19897276,0
87528,2012-05-30,0.56252974,0
87529,2012-05-30,0.028237823,1
87530,2012-05-30,0.60370713,0
87531,2012-05-30,0.34362355,0
87532,2012-05-30,0.26785094,0
87533,2012-05-30,0.7191729,1
87534,2012-05-30,0.031271953,0
87535,2012-05-30,0.4136436,0
87536,2012-05-30,0.7697309,1
87537,2012-05-30,0.1551696,1
87538,2012-05-30,0.056280356,0
87539,2012-05-30,0.21163408,0
87540,2012-05-30,0.8014807,1
87541,2012-05-30,0.13579078,0
87542,2012-05-30,0.30430254,0
87543,2012-05-30,0.3378042,0
87544,2012-05-30,0.2872478,0
87545,2012-05-30,0.30330738,1
87546,2012-05-31,0.41306785,0
87547,2012-05-31,0.30942434,0
87548,2012-05-31,0.30169448,1
87549,2012-05-31,0.5666068,0
87550,2012-05-31,0.63000137,1
87551,2012-05-31,0.14047883,0
87552,2012-05-31,0.36865136,1
87553,2012-05-31,0.66198283,0
87554,2012-05-31,0.1990035,1
87555,2012-05-31,0.24232519,0
87556,2012-05-31,0.35176903,1
87557,2012-05-31,0.5064989,1
87558,2012-05-31,0.41975752,1
87559,2012-05-31,0.36650342,1
87560,2012-05-31,0.65751356,1
87561,2012-05-31,0.3484652,0
87562,2012-05-31,0.24196729,0
87563,2012-05-31,0.44394675,0
87564,2012-05-31,0.059624586,0
87565,2012-05-31,0.36968786,0
87566,2012-05-31,0.08306436,0
87567,2012-05-31,0.6265398,1
87568,2012-05-31,0.27279377,1
87569,2012-05-31,0.15308374,0
87570,2012-05-31,0.5170209,0
87571,2012-05-31,0.25224546,0
87572,2012-05-31,0.34190825,1
87573,2012-05-31,0.36739728,1
87574,2012-05-31,0.19411501,0
87575,2012-05-31,0.11471988,1
87576,2012-05-31,0.22818078,1
87577,2012-05-31,0.07244569,1
87578,2012-05-31,0.7178991,0
87579,2012-05-31,0.7913753,1
87580,2012-05-31,0.3046672,0
87581,2012-05-31,0.6130471,1
87582,2012-05-31,0.79854316,1
87583,2012-05-31,0.3331581,1
87584,2012-05-31,0.6813026,0
87585,2012-05-31,0.33978903,0
87586,2012-05-31,0.5932272,0
87587,2012-05-31,0.15531813,1
87588,2012-05-31,0.49437928,1
87589,2012-05-31,0.18672778,1
87590,2012-05-31,0.4500612,0
87591,2012-05-31,0.17181057,0
87592,2012-05-31,0.66077477,0
87593,2012-05-31,0.12157967,1
87594,2012-05-31,0.9058338,1
87595,2012-05-31,0.6380457,0
87596,2012-05-31,0.21117544,1
87597,2012-05-31,0.26522207,1
87598,2012-05-31,0.33284813,0
87599,2012-05-31,0.6051149,1
87600,2012-05-31,0.33074325,1
87601,2012-05-31,0.22849634,0
87602,2012-05-31,0.36241782,1
87603,2012-05-31,0.80242646,1
87604,2012-05-31,0.40503517,0
87605,2012-05-31,0.5141843,0
87606,2012-05-31,0.2710272,1
87607,2012-05-31,0.20637624,0
87608,2012-05-31,0.5203605,1
87609,2012-05-31,0.17461085,0
87610,2012-05-31,0.18823421,0
87611,2012-05-31,0.19151926,0
87612,2012-05-31,0.2197476,1
87613,2012-05-31,0.2932897,0
87614,2012-05-31,0.6356861,0
87615,2012-05-31,0.120938696,0
87616,2012-05-31,0.0882279,1
87617,2012-05-31,0.425321,0
87618,2012-05-31,0.24234118,0
87619,2012-05-31,0.14679132,0
87620,2012-05-31,0.5594159,1
87621,2012-05-31,0.15885302,1
87622,2012-05-31,0.49885517,1
87623,2012-05-31,0.0061151315,0
87624,2012-05-31,0.046419032,0
87625,2012-05-31,0.09100391,0
87626,2012-05-31,0.4351576,0
87627,2012-05-31,0.10659054,0
87628,2012-05-31,0.5314113,0
87629,2012-05-31,0.015459532,0
87630,2012-05-31,0.31754503,0
87631,2012-05-31,0.59747624,0
87632,2012-05-31,0.6323941,1
87633,2012-05-31,0.28466973,1
87634,2012-05-31,0.033685543,0
87635,2012-05-31,0.5689484,0
87636,2012-05-31,0.20379919,0
87637,2012-05-31,0.3579878,0
87638,2012-05-31,0.5893371,0
87639,2012-05-31,0.19362816,1
87640,2012-05-31,0.05334401,0
87641,2012-05-31,0.5453329,0
87642,2012-05-31,0.19441557,0
87643,2012-05-31,0.30088785,0
87644,2012-05-31,0.7923155,1
87645,2012-05-31,0.5481498,0
87646,2012-05-31,0.2303569,1
87647,2012-05-31,0.42200887,0
87648,2012-05-31,0.06277866,0
87649,2012-05-31,0.36558735,0
87650,2012-05-31,0.24856493,0
87651,2012-05-31,0.13287519,1
87652,2012-05-31,0.3400861,0
87653,2012-05-31,0.6396661,0
87654,2012-05-31,0.37983927,1
87655,2012-05-31,0.44907573,1
87656,2012-05-31,0.131501,0
87657,2012-05-31,0.4105541,0
87658,2012-05-31,0.19055197,0
87659,2012-05-31,0.08815457,1
87660,2012-05-31,0.18800205,0
87661,2012-05-31,0.58625937,0
87662,2012-06-01,0.15372056,0
87663,2012-06-01,0.5270681,1
87664,2012-06-01,0.36143208,0
87665,2012-06-01,0.4367911,0
87666,2012-06-01,0.6950818,0
87667,2012-06-01,0.23910016,0
87668,2012-06-01,0.7925982,0
87669,2012-06-01,0.41410366,1
87670,2012-06-01,0.83450127,0
87671,2012-06-01,0.092738494,0
87672,2012-06-01,0.08159884,0
87673,2012-06-01,0.34296414,0
87674,2012-06-01,0.24982162,0
87675,2012-06-01,0.32695484,0
87676,2012-06-01,0.39077145,0
87677,2012-06-01,0.02567966,0
87678,2012-06-01,0.5453924,0
87679,2012-06-01,0.4052727,0
87680,2012-06-01,0.24681811,1
87681,2012-06-01,0.06741783,1
87682,2012-06-01,0.020695407,1
87683,2012-06-01,0.051095184,0
87684,2012-06-01,0.61659956,0
87685,2012-06-01,0.6881248,0
87686,2012-06-01,0.63458765,1
87687,2012-06-01,0.43554536,0
87688,2012-06-01,0.05767722,0
87689,2012-06-01,0.22365002,0
87690,2012-06-01,0.67916334,1
87691,2012-06-01,0.31210303,0
87692,2012-06-01,0.30816913,1
87693,2012-06-01,0.38018945,0
87694,2012-06-01,0.2924701,0
87695,2012-06-01,0.4564256,0
87696,2012-06-01,0.061428778,0
87697,2012-06-01,0.63252324,0
87698,2012-06-01,0.4907042,0
87699,2012-06-01,0.19502826,0
87700,2012-06-01,0.43535626,0
87701,2012-06-01,0.77549165,0
87702,2012-06-01,0.3280397,1
87703,2012-06-01,0.853492,1
87704,2012-06-01,0.13270585,0
87705,2012-06-01,0.16337807,0
87706,2012-06-01,0.44333595,1
87707,2012-06-01,0.27534628,1
87708,2012-06-01,0.21098295,0
87709,2012-06-01,0.8944068,1
87710,2012-06-01,0.17606194,0
87711,2012-06-01,0.117772534,1
87712,2012-06-01,0.22781108,0
87713,2012-06-01,0.22021002,1
87714,2012-06-01,0.21492481,1
87715,2012-06-01,0.23676723,0
87716,2012-06-01,0.20546849,0
87717,2012-06-01,0.41507822,1
87718,2012-06-01,0.21205193,0
87719,2012-06-01,0.36299714,0
87720,2012-06-01,0.47761685,0
87721,2012-06-01,0.28718022,1
87722,2012-06-01,0.25881603,0
87723,2012-06-01,0.08919315,0
87724,2012-06-01,0.34735402,0
87725,2012-06-01,0.272789,0
87726,2012-06-01,0.70234764,0
87727,2012-06-01,0.20267057,0
87728,2012-06-01,0.74114513,0
87729,2012-06-01,0.43217045,1
87730,2012-06-01,0.45199072,1
87731,2012-06-01,0.57722825,1
87732,2012-06-01,0.096819155,1
87733,2012-06-01,0.31709138,0
87734,2012-06-01,0.19782631,0
87735,2012-06-01,0.838704,0
87736,2012-06-01,0.24530466,1
87737,2012-06-01,0.19807816,1
87738,2012-06-01,0.6219877,1
87739,2012-06-01,0.9210356,1
87740,2012-06-01,0.46831217,0
87741,2012-06-01,0.21221286,0
87742,2012-06-01,0.08151081,0
87743,2012-06-01,0.34897912,0
87744,2012-06-01,0.66608906,1
87745,2012-06-01,0.3580014,1
87746,2012-06-01,0.4339694,1
87747,2012-06-01,0.40787977,0
87748,2012-06-01,0.10949797,0
87749,2012-06-01,0.45412958,1
87750,2012-06-01,0.5837824,0
87751,2012-06-01,0.022475133,0
87752,2012-06-01,0.19928169,0
87753,2012-06-01,0.16728917,1
87754,2012-06-01,0.2943532,1
87755,2012-06-01,0.16547133,0
87756,2012-06-01,0.03083584,0
87757,2012-06-01,0.5141113,0
87758,2012-06-01,0.12003255,0
87759,2012-06-01,0.24126637,0
87760,2012-06-01,0.050199162,0
87761,2012-06-01,0.41117647,1
87762,2012-06-01,0.41458452,1
87763,2012-06-01,0.33063126,0
87764,2012-06-01,0.4941404,0
87765,2012-06-01,0.13268115,0
87766,2012-06-01,0.096622184,0
87767,2012-06-01,0.06605568,0
87768,2012-06-01,0.07655461,0
87769,2012-06-01,0.88831836,0
87770,2012-06-01,0.741861,0
87771,2012-06-01,0.5522788,0
